Image1_Path,Image1_Name,Image2_Path,Image2_Name,Reconstruction_Type,Winner,Labeler_Name,Notes,Created_At,Brightness_1,Brightness_2,Confidence,canonical_type,pair_id,resolved_img1,resolved_img2,type_idx,confidence_weight
Trajectories/2022-02-04/161_RR220204A_504C_1810.bmp,161_RR220204A_504C_1810.bmp,Trajectories/2022-02-04/160_RR220204A_501C_1809-02.bmp,160_RR220204A_501C_1809-02.bmp,(√13 x √13),tie,AJ,,2025-12-12T00:07:09.648751,,,,(√13 x √13),Trajectories/2022-02-04/160_RR220204A_501C_1809-02.bmp || Trajectories/2022-02-04/161_RR220204A_504C_1810.bmp,/content/rl_quantum_2026summer/data/original data/Trajectories/2022-02-04/161_RR220204A_504C_1810.bmp,/content/rl_quantum_2026summer/data/original data/Trajectories/2022-02-04/160_RR220204A_501C_1809-02.bmp,3,1.0
Trajectories/2022-02-04/085_RR220204A_378C_1720.bmp,085_RR220204A_378C_1720.bmp,Trajectories/2022-02-04/134_RR220204A_467C_1754-02.bmp,134_RR220204A_467C_1754-02.bmp,c(6 x 2),tie,AJ,,2025-12-11T15:20:29.032453,,,,c(6 x 2),Trajectories/2022-02-04/085_RR220204A_378C_1720.bmp || Trajectories/2022-02-04/134_RR220204A_467C_1754-02.bmp,/content/rl_quantum_2026summer/data/original data/Trajectories/2022-02-04/085_RR220204A_378C_1720.bmp,/content/rl_quantum_2026summer/data/original data/Trajectories/2022-02-04/134_RR220204A_467C_1754-02.bmp,2,1.0
Trajectories/2022-02-04/080_RR220204A_301C_1718.bmp,080_RR220204A_301C_1718.bmp,Trajectories/2022-02-04/076_RR220204A_299C_1713.bmp,076_RR220204A_299C_1713.bmp,(√13 x √13),tie,AJ,,2025-12-12T00:09:31.398149,,,,(√13 x √13),Trajectories/2022-02-04/076_RR220204A_299C_1713.bmp || Trajectories/2022-02-04/080_RR220204A_301C_1718.bmp,/content/rl_quantum_2026summer/data/original data/Trajectories/2022-02-04/080_RR220204A_301C_1718.bmp,/content/rl_quantum_2026summer/data/original data/Trajectories/2022-02-04/076_RR220204A_299C_1713.bmp,3,1.0
Trajectories/2022-04-11/258_RR220411A_932C_1751.bmp,258_RR220411A_932C_1751.bmp,Trajectories/2022-04-11/246_RR220411A_915C_1741.bmp,246_RR220411A_915C_1741.bmp,(√13 x √13),tie,AJ,,2025-12-06 01:22:11,,,,(√13 x √13),Trajectories/2022-04-11/246_RR220411A_915C_1741.bmp || Trajectories/2022-04-11/258_RR220411A_932C_1751.bmp,/content/rl_quantum_2026summer/data/original data/Trajectories/2022-04-11/258_RR220411A_932C_1751.bmp,/content/rl_quantum_2026summer/data/original data/Trajectories/2022-04-11/246_RR220411A_915C_1741.bmp,3,1.0
Trajectories/2022-02-04/328_RR220204A_946C_2053.bmp,328_RR220204A_946C_2053.bmp,Trajectories/2022-02-04/085_RR220204A_378C_1720.bmp,085_RR220204A_378C_1720.bmp,(1 x 1),not_apply,HL,,2025-12-15T21:31:14.032301,,,,(1 x 1),Trajectories/2022-02-04/085_RR220204A_378C_1720.bmp || Trajectories/2022-02-04/328_RR220204A_946C_2053.bmp,/content/rl_quantum_2026summer/data/original data/Trajectories/2022-02-04/328_RR220204A_946C_2053.bmp,/content/rl_quantum_2026summer/data/original data/Trajectories/2022-02-04/085_RR220204A_378C_1720.bmp,0,1.0
Trajectories/2022-02-04/328_RR220204A_946C_2053.bmp,328_RR220204A_946C_2053.bmp,Trajectories/2022-02-04/085_RR220204A_378C_1720.bmp,085_RR220204A_378C_1720.bmp,c(6 x 2),not_apply,HL,,2025-12-15T21:31:15.485827,,,,c(6 x 2),Trajectories/2022-02-04/085_RR220204A_378C_1720.bmp || Trajectories/2022-02-04/328_RR220204A_946C_2053.bmp,/content/rl_quantum_2026summer/data/original data/Trajectories/2022-02-04/328_RR220204A_946C_2053.bmp,/content/rl_quantum_2026summer/data/original data/Trajectories/2022-02-04/085_RR220204A_378C_1720.bmp,2,1.0
Trajectories/2022-02-04/328_RR220204A_946C_2053.bmp,328_RR220204A_946C_2053.bmp,Trajectories/2022-02-04/085_RR220204A_378C_1720.bmp,085_RR220204A_378C_1720.bmp,HTR,not_apply,HL,,2025-12-15T21:31:16.848040,,,,HTR,Trajectories/2022-02-04/085_RR220204A_378C_1720.bmp || Trajectories/2022-02-04/328_RR220204A_946C_2053.bmp,/content/rl_quantum_2026summer/data/original data/Trajectories/2022-02-04/328_RR220204A_946C_2053.bmp,/content/rl_quantum_2026summer/data/original data/Trajectories/2022-02-04/085_RR220204A_378C_1720.bmp,4,1.0
Trajectories/2022-02-04/328_RR220204A_946C_2053.bmp,328_RR220204A_946C_2053.bmp,Trajectories/2022-02-04/085_RR220204A_378C_1720.bmp,085_RR220204A_378C_1720.bmp,(√13 x √13),tie,HL,,2025-12-15T21:31:18.242575,,,,(√13 x √13),Trajectories/2022-02-04/085_RR220204A_378C_1720.bmp || Trajectories/2022-02-04/328_RR220204A_946C_2053.bmp,/content/rl_quantum_2026summer/data/original data/Trajectories/2022-02-04/328_RR220204A_946C_2053.bmp,/content/rl_quantum_2026summer/data/original data/Trajectories/2022-02-04/085_RR220204A_378C_1720.bmp,3,1.0
Trajectories/2022-02-04/328_RR220204A_946C_2053.bmp,328_RR220204A_946C_2053.bmp,Trajectories/2022-02-04/085_RR220204A_378C_1720.bmp,085_RR220204A_378C_1720.bmp,Twinned(2 x 1),tie,HL,,2025-12-15T21:31:19.540246,,,,Twinned(2 x 1),Trajectories/2022-02-04/085_RR220204A_378C_1720.bmp || Trajectories/2022-02-04/328_RR220204A_946C_2053.bmp,/content/rl_quantum_2026summer/data/original data/Trajectories/2022-02-04/328_RR220204A_946C_2053.bmp,/content/rl_quantum_2026summer/data/original data/Trajectories/2022-02-04/085_RR220204A_378C_1720.bmp,1,1.0
Trajectories/2022-02-04/189_RR220204A_578C_1830.bmp,189_RR220204A_578C_1830.bmp,Trajectories/2022-02-04/341_RR220204A_937C_2114.bmp,341_RR220204A_937C_2114.bmp,(1 x 1),not_apply,AJ,,2025-12-26T08:12:36.751503,215.0,198.0,Confident,(1 x 1),Trajectories/2022-02-04/189_RR220204A_578C_1830.bmp || Trajectories/2022-02-04/341_RR220204A_937C_2114.bmp,/content/rl_quantum_2026summer/data/original data/Trajectories/2022-02-04/189_RR220204A_578C_1830.bmp,/content/rl_quantum_2026summer/data/original data/Trajectories/2022-02-04/341_RR220204A_937C_2114.bmp,0,1.0
Trajectories/2022-02-04/189_RR220204A_578C_1830.bmp,189_RR220204A_578C_1830.bmp,Trajectories/2022-02-04/341_RR220204A_937C_2114.bmp,341_RR220204A_937C_2114.bmp,Twinned(2 x 1),not_apply,AJ,,2025-12-26T08:12:37.850644,215.0,198.0,Confident,Twinned(2 x 1),Trajectories/2022-02-04/189_RR220204A_578C_1830.bmp || Trajectories/2022-02-04/341_RR220204A_937C_2114.bmp,/content/rl_quantum_2026summer/data/original data/Trajectories/2022-02-04/189_RR220204A_578C_1830.bmp,/content/rl_quantum_2026summer/data/original data/Trajectories/2022-02-04/341_RR220204A_937C_2114.bmp,1,1.0
Trajectories/2022-02-04/189_RR220204A_578C_1830.bmp,189_RR220204A_578C_1830.bmp,Trajectories/2022-02-04/341_RR220204A_937C_2114.bmp,341_RR220204A_937C_2114.bmp,c(6 x 2),tie,AJ,,2025-12-26T08:12:38.877328,215.0,198.0,Confident,c(6 x 2),Trajectories/2022-02-04/189_RR220204A_578C_1830.bmp || Trajectories/2022-02-04/341_RR220204A_937C_2114.bmp,/content/rl_quantum_2026summer/data/original data/Trajectories/2022-02-04/189_RR220204A_578C_1830.bmp,/content/rl_quantum_2026summer/data/original data/Trajectories/2022-02-04/341_RR220204A_937C_2114.bmp,2,1.0
Trajectories/2022-02-04/189_RR220204A_578C_1830.bmp,189_RR220204A_578C_1830.bmp,Trajectories/2022-02-04/341_RR220204A_937C_2114.bmp,341_RR220204A_937C_2114.bmp,(√13 x √13),tie,AJ,,2025-12-26T08:12:39.815659,215.0,198.0,Confident,(√13 x √13),Trajectories/2022-02-04/189_RR220204A_578C_1830.bmp || Trajectories/2022-02-04/341_RR220204A_937C_2114.bmp,/content/rl_quantum_2026summer/data/original data/Trajectories/2022-02-04/189_RR220204A_578C_1830.bmp,/content/rl_quantum_2026summer/data/original data/Trajectories/2022-02-04/341_RR220204A_937C_2114.bmp,3,1.0
Trajectories/2022-02-04/189_RR220204A_578C_1830.bmp,189_RR220204A_578C_1830.bmp,Trajectories/2022-02-04/341_RR220204A_937C_2114.bmp,341_RR220204A_937C_2114.bmp,HTR,not_apply,AJ,,2025-12-26T08:12:40.894623,215.0,198.0,Confident,HTR,Trajectories/2022-02-04/189_RR220204A_578C_1830.bmp || Trajectories/2022-02-04/341_RR220204A_937C_2114.bmp,/content/rl_quantum_2026summer/data/original data/Trajectories/2022-02-04/189_RR220204A_578C_1830.bmp,/content/rl_quantum_2026summer/data/original data/Trajectories/2022-02-04/341_RR220204A_937C_2114.bmp,4,1.0
Trajectories/2022-02-04/329_RR220204A_946C_2054.bmp,329_RR220204A_946C_2054.bmp,Trajectories/2022-02-04/079_RR220204A_301C_1717.bmp,079_RR220204A_301C_1717.bmp,(√13 x √13),tie,AJ,,2025-12-12T00:09:51.393771,,,,(√13 x √13),Trajectories/2022-02-04/079_RR220204A_301C_1717.bmp || Trajectories/2022-02-04/329_RR220204A_946C_2054.bmp,/content/rl_quantum_2026summer/data/original data/Trajectories/2022-02-04/329_RR220204A_946C_2054.bmp,/content/rl_quantum_2026summer/data/original data/Trajectories/2022-02-04/079_RR220204A_301C_1717.bmp,3,1.0
Trajectories/2022-02-04/337_RR220204A_938C_2106.bmp,337_RR220204A_938C_2106.bmp,Trajectories/2022-02-04/205_RR220204A_642C_1839-02.bmp,205_RR220204A_642C_1839-02.bmp,(√13 x √13),tie,AJ,,2025-12-12T00:21:51.672406,,,,(√13 x √13),Trajectories/2022-02-04/205_RR220204A_642C_1839-02.bmp || Trajectories/2022-02-04/337_RR220204A_938C_2106.bmp,/content/rl_quantum_2026summer/data/original data/Trajectories/2022-02-04/337_RR220204A_938C_2106.bmp,/content/rl_quantum_2026summer/data/original data/Trajectories/2022-02-04/205_RR220204A_642C_1839-02.bmp,3,1.0
Trajectories/2022-02-04/074_RR220204A_297C_1711.bmp,074_RR220204A_297C_1711.bmp,Trajectories/2022-02-04/037_RR220204A_579C_0146.bmp,037_RR220204A_579C_0146.bmp,(√13 x √13),tie,AJ,,2025-12-06 01:20:43,,,,(√13 x √13),Trajectories/2022-02-04/037_RR220204A_579C_0146.bmp || Trajectories/2022-02-04/074_RR220204A_297C_1711.bmp,/content/rl_quantum_2026summer/data/original data/Trajectories/2022-02-04/074_RR220204A_297C_1711.bmp,/content/rl_quantum_2026summer/data/original data/Trajectories/2022-02-04/037_RR220204A_579C_0146.bmp,3,1.0
Trajectories/2022-04-11/313_RR220411A_839C_1856.bmp,313_RR220411A_839C_1856.bmp,Trajectories/2022-02-04/148_RR220204A_480C_1804.bmp,148_RR220204A_480C_1804.bmp,HTR,not_apply,SY,,2025-12-10T16:55:08.391543,,,,HTR,Trajectories/2022-02-04/148_RR220204A_480C_1804.bmp || Trajectories/2022-04-11/313_RR220411A_839C_1856.bmp,/content/rl_quantum_2026summer/data/original data/Trajectories/2022-04-11/313_RR220411A_839C_1856.bmp,/content/rl_quantum_2026summer/data/original data/Trajectories/2022-02-04/148_RR220204A_480C_1804.bmp,4,1.0
Trajectories/2022-04-11/313_RR220411A_839C_1856.bmp,313_RR220411A_839C_1856.bmp,Trajectories/2022-02-04/148_RR220204A_480C_1804.bmp,148_RR220204A_480C_1804.bmp,(1 x 1),1,SY,,2025-12-10T16:55:09.183561,,,,(1 x 1),Trajectories/2022-02-04/148_RR220204A_480C_1804.bmp || Trajectories/2022-04-11/313_RR220411A_839C_1856.bmp,/content/rl_quantum_2026summer/data/original data/Trajectories/2022-04-11/313_RR220411A_839C_1856.bmp,/content/rl_quantum_2026summer/data/original data/Trajectories/2022-02-04/148_RR220204A_480C_1804.bmp,0,1.0
Trajectories/2022-04-11/313_RR220411A_839C_1856.bmp,313_RR220411A_839C_1856.bmp,Trajectories/2022-02-04/148_RR220204A_480C_1804.bmp,148_RR220204A_480C_1804.bmp,Twinned(2 x 1),2,SY,,2025-12-10T16:55:09.909640,,,,Twinned(2 x 1),Trajectories/2022-02-04/148_RR220204A_480C_1804.bmp || Trajectories/2022-04-11/313_RR220411A_839C_1856.bmp,/content/rl_quantum_2026summer/data/original data/Trajectories/2022-04-11/313_RR220411A_839C_1856.bmp,/content/rl_quantum_2026summer/data/original data/Trajectories/2022-02-04/148_RR220204A_480C_1804.bmp,1,1.0
Trajectories/2022-04-11/313_RR220411A_839C_1856.bmp,313_RR220411A_839C_1856.bmp,Trajectories/2022-02-04/148_RR220204A_480C_1804.bmp,148_RR220204A_480C_1804.bmp,c(6 x 2),1,SY,,2025-12-10T16:55:10.663841,,,,c(6 x 2),Trajectories/2022-02-04/148_RR220204A_480C_1804.bmp || Trajectories/2022-04-11/313_RR220411A_839C_1856.bmp,/content/rl_quantum_2026summer/data/original data/Trajectories/2022-04-11/313_RR220411A_839C_1856.bmp,/content/rl_quantum_2026summer/data/original data/Trajectories/2022-02-04/148_RR220204A_480C_1804.bmp,2,1.0
Trajectories/2022-04-11/313_RR220411A_839C_1856.bmp,313_RR220411A_839C_1856.bmp,Trajectories/2022-02-04/148_RR220204A_480C_1804.bmp,148_RR220204A_480C_1804.bmp,(√13 x √13),1,SY,,2025-12-10T16:55:11.342948,,,,(√13 x √13),Trajectories/2022-02-04/148_RR220204A_480C_1804.bmp || Trajectories/2022-04-11/313_RR220411A_839C_1856.bmp,/content/rl_quantum_2026summer/data/original data/Trajectories/2022-04-11/313_RR220411A_839C_1856.bmp,/content/rl_quantum_2026summer/data/original data/Trajectories/2022-02-04/148_RR220204A_480C_1804.bmp,3,1.0
Trajectories/2022-04-11/332_RR220411A_756C_1911.bmp,332_RR220411A_756C_1911.bmp,Trajectories/2022-04-11/320_RR220411A_824C_1901.bmp,320_RR220411A_824C_1901.bmp,(√13 x √13),tie,AJ,,2025-12-06 01:22:26,,,,(√13 x √13),Trajectories/2022-04-11/320_RR220411A_824C_1901.bmp || Trajectories/2022-04-11/332_RR220411A_756C_1911.bmp,/content/rl_quantum_2026summer/data/original data/Trajectories/2022-04-11/332_RR220411A_756C_1911.bmp,/content/rl_quantum_2026summer/data/original data/Trajectories/2022-04-11/320_RR220411A_824C_1901.bmp,3,1.0
Trajectories/2022-02-04/221_RR220204A_666C_1854.bmp,221_RR220204A_666C_1854.bmp,Trajectories/2022-02-04/339_RR220204A_938C_2110.bmp,339_RR220204A_938C_2110.bmp,(√13 x √13),tie,AJ,,2025-12-12T00:16:20.231879,,,,(√13 x √13),Trajectories/2022-02-04/221_RR220204A_666C_1854.bmp || Trajectories/2022-02-04/339_RR220204A_938C_2110.bmp,/content/rl_quantum_2026summer/data/original data/Trajectories/2022-02-04/221_RR220204A_666C_1854.bmp,/content/rl_quantum_2026summer/data/original data/Trajectories/2022-02-04/339_RR220204A_938C_2110.bmp,3,1.0
Trajectories/2022-02-04/342_RR220204A_941C_2115.bmp,342_RR220204A_941C_2115.bmp,Trajectories/2022-02-04/333_RR220204A_939C_2059.bmp,333_RR220204A_939C_2059.bmp,(√13 x √13),tie,AJ,,2025-12-12T00:10:07.572303,,,,(√13 x √13),Trajectories/2022-02-04/333_RR220204A_939C_2059.bmp || Trajectories/2022-02-04/342_RR220204A_941C_2115.bmp,/content/rl_quantum_2026summer/data/original data/Trajectories/2022-02-04/342_RR220204A_941C_2115.bmp,/content/rl_quantum_2026summer/data/original data/Trajectories/2022-02-04/333_RR220204A_939C_2059.bmp,3,1.0
Trajectories/2022-04-11/374_RR220411A_625C_1937.bmp,374_RR220411A_625C_1937.bmp,Trajectories/2022-04-11/343_RR220411A_722C_1918.bmp,343_RR220411A_722C_1918.bmp,c(6 x 2),tie,SY,,2025-12-10T16:59:01.343136,,,,c(6 x 2),Trajectories/2022-04-11/343_RR220411A_722C_1918.bmp || Trajectories/2022-04-11/374_RR220411A_625C_1937.bmp,/content/rl_quantum_2026summer/data/original data/Trajectories/2022-04-11/374_RR220411A_625C_1937.bmp,/content/rl_quantum_2026summer/data/original data/Trajectories/2022-04-11/343_RR220411A_722C_1918.bmp,2,1.0
Trajectories/2022-04-11/374_RR220411A_625C_1937.bmp,374_RR220411A_625C_1937.bmp,Trajectories/2022-04-11/343_RR220411A_722C_1918.bmp,343_RR220411A_722C_1918.bmp,HTR,not_apply,SY,,2025-12-10T16:59:02.093221,,,,HTR,Trajectories/2022-04-11/343_RR220411A_722C_1918.bmp || Trajectories/2022-04-11/374_RR220411A_625C_1937.bmp,/content/rl_quantum_2026summer/data/original data/Trajectories/2022-04-11/374_RR220411A_625C_1937.bmp,/content/rl_quantum_2026summer/data/original data/Trajectories/2022-04-11/343_RR220411A_722C_1918.bmp,4,1.0
Trajectories/2022-04-11/374_RR220411A_625C_1937.bmp,374_RR220411A_625C_1937.bmp,Trajectories/2022-04-11/343_RR220411A_722C_1918.bmp,343_RR220411A_722C_1918.bmp,Twinned(2 x 1),not_apply,SY,,2025-12-10T16:59:04.003690,,,,Twinned(2 x 1),Trajectories/2022-04-11/343_RR220411A_722C_1918.bmp || Trajectories/2022-04-11/374_RR220411A_625C_1937.bmp,/content/rl_quantum_2026summer/data/original data/Trajectories/2022-04-11/374_RR220411A_625C_1937.bmp,/content/rl_quantum_2026summer/data/original data/Trajectories/2022-04-11/343_RR220411A_722C_1918.bmp,1,1.0
Trajectories/2022-04-11/374_RR220411A_625C_1937.bmp,374_RR220411A_625C_1937.bmp,Trajectories/2022-04-11/343_RR220411A_722C_1918.bmp,343_RR220411A_722C_1918.bmp,(√13 x √13),tie,SY,,2025-12-10T16:59:05.430526,,,,(√13 x √13),Trajectories/2022-04-11/343_RR220411A_722C_1918.bmp || Trajectories/2022-04-11/374_RR220411A_625C_1937.bmp,/content/rl_quantum_2026summer/data/original data/Trajectories/2022-04-11/374_RR220411A_625C_1937.bmp,/content/rl_quantum_2026summer/data/original data/Trajectories/2022-04-11/343_RR220411A_722C_1918.bmp,3,1.0
Trajectories/2022-04-11/374_RR220411A_625C_1937.bmp,374_RR220411A_625C_1937.bmp,Trajectories/2022-04-11/343_RR220411A_722C_1918.bmp,343_RR220411A_722C_1918.bmp,(1 x 1),tie,SY,,2025-12-10T16:59:06.120952,,,,(1 x 1),Trajectories/2022-04-11/343_RR220411A_722C_1918.bmp || Trajectories/2022-04-11/374_RR220411A_625C_1937.bmp,/content/rl_quantum_2026summer/data/original data/Trajectories/2022-04-11/374_RR220411A_625C_1937.bmp,/content/rl_quantum_2026summer/data/original data/Trajectories/2022-04-11/343_RR220411A_722C_1918.bmp,0,1.0
Trajectories/2022-04-11/225_RR220411A_873C_1724.bmp,225_RR220411A_873C_1724.bmp,Trajectories/2022-02-04/021_RR220204A_981C_0126-03.bmp,021_RR220204A_981C_0126-03.bmp,c(6 x 2),1,HL,,2026-01-06T21:50:38.039277,291.0,279.0,Confident,c(6 x 2),Trajectories/2022-02-04/021_RR220204A_981C_0126-03.bmp || Trajectories/2022-04-11/225_RR220411A_873C_1724.bmp,/content/rl_quantum_2026summer/data/original data/Trajectories/2022-04-11/225_RR220411A_873C_1724.bmp,/content/rl_quantum_2026summer/data/original data/Trajectories/2022-02-04/021_RR220204A_981C_0126-03.bmp,2,1.0
Trajectories/2022-04-11/225_RR220411A_873C_1724.bmp,225_RR220411A_873C_1724.bmp,Trajectories/2022-02-04/021_RR220204A_981C_0126-03.bmp,021_RR220204A_981C_0126-03.bmp,Twinned(2 x 1),2,HL,,2026-01-06T21:50:39.027234,291.0,279.0,Confident,Twinned(2 x 1),Trajectories/2022-02-04/021_RR220204A_981C_0126-03.bmp || Trajectories/2022-04-11/225_RR220411A_873C_1724.bmp,/content/rl_quantum_2026summer/data/original data/Trajectories/2022-04-11/225_RR220411A_873C_1724.bmp,/content/rl_quantum_2026summer/data/original data/Trajectories/2022-02-04/021_RR220204A_981C_0126-03.bmp,1,1.0
Trajectories/2022-04-11/225_RR220411A_873C_1724.bmp,225_RR220411A_873C_1724.bmp,Trajectories/2022-02-04/021_RR220204A_981C_0126-03.bmp,021_RR220204A_981C_0126-03.bmp,(1 x 1),2,HL,,2026-01-06T21:50:39.948581,291.0,279.0,Confident,(1 x 1),Trajectories/2022-02-04/021_RR220204A_981C_0126-03.bmp || Trajectories/2022-04-11/225_RR220411A_873C_1724.bmp,/content/rl_quantum_2026summer/data/original data/Trajectories/2022-04-11/225_RR220411A_873C_1724.bmp,/content/rl_quantum_2026summer/data/original data/Trajectories/2022-02-04/021_RR220204A_981C_0126-03.bmp,0,1.0
Trajectories/2022-04-11/225_RR220411A_873C_1724.bmp,225_RR220411A_873C_1724.bmp,Trajectories/2022-02-04/021_RR220204A_981C_0126-03.bmp,021_RR220204A_981C_0126-03.bmp,(√13 x √13),2,HL,,2026-01-06T21:50:40.883625,291.0,279.0,Confident,(√13 x √13),Trajectories/2022-02-04/021_RR220204A_981C_0126-03.bmp || Trajectories/2022-04-11/225_RR220411A_873C_1724.bmp,/content/rl_quantum_2026summer/data/original data/Trajectories/2022-04-11/225_RR220411A_873C_1724.bmp,/content/rl_quantum_2026summer/data/original data/Trajectories/2022-02-04/021_RR220204A_981C_0126-03.bmp,3,1.0
Trajectories/2022-04-11/225_RR220411A_873C_1724.bmp,225_RR220411A_873C_1724.bmp,Trajectories/2022-02-04/021_RR220204A_981C_0126-03.bmp,021_RR220204A_981C_0126-03.bmp,HTR,1,HL,,2026-01-06T21:50:41.743592,291.0,279.0,Confident,HTR,Trajectories/2022-02-04/021_RR220204A_981C_0126-03.bmp || Trajectories/2022-04-11/225_RR220411A_873C_1724.bmp,/content/rl_quantum_2026summer/data/original data/Trajectories/2022-04-11/225_RR220411A_873C_1724.bmp,/content/rl_quantum_2026summer/data/original data/Trajectories/2022-02-04/021_RR220204A_981C_0126-03.bmp,4,1.0
Trajectories/2022-04-11/186_RR220411A_805C_1658.bmp,186_RR220411A_805C_1658.bmp,Trajectories/2022-04-11/138_RR220411A_635C_1610.bmp,138_RR220411A_635C_1610.bmp,c(6 x 2),not_apply,HL,,2025-12-15T21:06:18.895132,,,,c(6 x 2),Trajectories/2022-04-11/138_RR220411A_635C_1610.bmp || Trajectories/2022-04-11/186_RR220411A_805C_1658.bmp,/content/rl_quantum_2026summer/data/original data/Trajectories/2022-04-11/186_RR220411A_805C_1658.bmp,/content/rl_quantum_2026summer/data/original data/Trajectories/2022-04-11/138_RR220411A_635C_1610.bmp,2,1.0
Trajectories/2022-04-11/186_RR220411A_805C_1658.bmp,186_RR220411A_805C_1658.bmp,Trajectories/2022-04-11/138_RR220411A_635C_1610.bmp,138_RR220411A_635C_1610.bmp,HTR,not_apply,HL,,2025-12-15T21:06:20.003553,,,,HTR,Trajectories/2022-04-11/138_RR220411A_635C_1610.bmp || Trajectories/2022-04-11/186_RR220411A_805C_1658.bmp,/content/rl_quantum_2026summer/data/original data/Trajectories/2022-04-11/186_RR220411A_805C_1658.bmp,/content/rl_quantum_2026summer/data/original data/Trajectories/2022-04-11/138_RR220411A_635C_1610.bmp,4,1.0
Trajectories/2022-04-11/186_RR220411A_805C_1658.bmp,186_RR220411A_805C_1658.bmp,Trajectories/2022-04-11/138_RR220411A_635C_1610.bmp,138_RR220411A_635C_1610.bmp,Twinned(2 x 1),not_apply,HL,,2025-12-15T21:06:20.947795,,,,Twinned(2 x 1),Trajectories/2022-04-11/138_RR220411A_635C_1610.bmp || Trajectories/2022-04-11/186_RR220411A_805C_1658.bmp,/content/rl_quantum_2026summer/data/original data/Trajectories/2022-04-11/186_RR220411A_805C_1658.bmp,/content/rl_quantum_2026summer/data/original data/Trajectories/2022-04-11/138_RR220411A_635C_1610.bmp,1,1.0
Trajectories/2022-04-11/186_RR220411A_805C_1658.bmp,186_RR220411A_805C_1658.bmp,Trajectories/2022-04-11/138_RR220411A_635C_1610.bmp,138_RR220411A_635C_1610.bmp,(1 x 1),tie,HL,,2025-12-15T21:06:21.869046,,,,(1 x 1),Trajectories/2022-04-11/138_RR220411A_635C_1610.bmp || Trajectories/2022-04-11/186_RR220411A_805C_1658.bmp,/content/rl_quantum_2026summer/data/original data/Trajectories/2022-04-11/186_RR220411A_805C_1658.bmp,/content/rl_quantum_2026summer/data/original data/Trajectories/2022-04-11/138_RR220411A_635C_1610.bmp,0,1.0
Trajectories/2022-04-11/186_RR220411A_805C_1658.bmp,186_RR220411A_805C_1658.bmp,Trajectories/2022-04-11/138_RR220411A_635C_1610.bmp,138_RR220411A_635C_1610.bmp,(√13 x √13),not_apply,HL,,2025-12-15T21:06:22.988743,,,,(√13 x √13),Trajectories/2022-04-11/138_RR220411A_635C_1610.bmp || Trajectories/2022-04-11/186_RR220411A_805C_1658.bmp,/content/rl_quantum_2026summer/data/original data/Trajectories/2022-04-11/186_RR220411A_805C_1658.bmp,/content/rl_quantum_2026summer/data/original data/Trajectories/2022-04-11/138_RR220411A_635C_1610.bmp,3,1.0
Trajectories/2022-04-11/443_RR220411A_303C_2007.bmp,443_RR220411A_303C_2007.bmp,Trajectories/2022-04-11/397_RR220411A_528C_1948.bmp,397_RR220411A_528C_1948.bmp,(√13 x √13),tie,AJ,,2025-12-12T00:18:11.173158,,,,(√13 x √13),Trajectories/2022-04-11/397_RR220411A_528C_1948.bmp || Trajectories/2022-04-11/443_RR220411A_303C_2007.bmp,/content/rl_quantum_2026summer/data/original data/Trajectories/2022-04-11/443_RR220411A_303C_2007.bmp,/content/rl_quantum_2026summer/data/original data/Trajectories/2022-04-11/397_RR220411A_528C_1948.bmp,3,1.0
Trajectories/2022-04-11/330_RR220411A_762C_1910.bmp,330_RR220411A_762C_1910.bmp,Trajectories/2022-02-04/124_RR220204A_444C_1748.bmp,124_RR220204A_444C_1748.bmp,Twinned(2 x 1),2,HL,,2026-01-06T21:45:48.881523,286.0,284.0,Confident,Twinned(2 x 1),Trajectories/2022-02-04/124_RR220204A_444C_1748.bmp || Trajectories/2022-04-11/330_RR220411A_762C_1910.bmp,/content/rl_quantum_2026summer/data/original data/Trajectories/2022-04-11/330_RR220411A_762C_1910.bmp,/content/rl_quantum_2026summer/data/original data/Trajectories/2022-02-04/124_RR220204A_444C_1748.bmp,1,1.0
Trajectories/2022-04-11/330_RR220411A_762C_1910.bmp,330_RR220411A_762C_1910.bmp,Trajectories/2022-02-04/124_RR220204A_444C_1748.bmp,124_RR220204A_444C_1748.bmp,HTR,not_apply,HL,,2026-01-06T21:45:49.968279,286.0,284.0,Confident,HTR,Trajectories/2022-02-04/124_RR220204A_444C_1748.bmp || Trajectories/2022-04-11/330_RR220411A_762C_1910.bmp,/content/rl_quantum_2026summer/data/original data/Trajectories/2022-04-11/330_RR220411A_762C_1910.bmp,/content/rl_quantum_2026summer/data/original data/Trajectories/2022-02-04/124_RR220204A_444C_1748.bmp,4,1.0
Trajectories/2022-04-11/330_RR220411A_762C_1910.bmp,330_RR220411A_762C_1910.bmp,Trajectories/2022-02-04/124_RR220204A_444C_1748.bmp,124_RR220204A_444C_1748.bmp,(√13 x √13),1,HL,,2026-01-06T21:45:50.860061,286.0,284.0,Confident,(√13 x √13),Trajectories/2022-02-04/124_RR220204A_444C_1748.bmp || Trajectories/2022-04-11/330_RR220411A_762C_1910.bmp,/content/rl_quantum_2026summer/data/original data/Trajectories/2022-04-11/330_RR220411A_762C_1910.bmp,/content/rl_quantum_2026summer/data/original data/Trajectories/2022-02-04/124_RR220204A_444C_1748.bmp,3,1.0
Trajectories/2022-04-11/330_RR220411A_762C_1910.bmp,330_RR220411A_762C_1910.bmp,Trajectories/2022-02-04/124_RR220204A_444C_1748.bmp,124_RR220204A_444C_1748.bmp,c(6 x 2),1,HL,,2026-01-06T21:45:51.625776,286.0,284.0,Confident,c(6 x 2),Trajectories/2022-02-04/124_RR220204A_444C_1748.bmp || Trajectories/2022-04-11/330_RR220411A_762C_1910.bmp,/content/rl_quantum_2026summer/data/original data/Trajectories/2022-04-11/330_RR220411A_762C_1910.bmp,/content/rl_quantum_2026summer/data/original data/Trajectories/2022-02-04/124_RR220204A_444C_1748.bmp,2,1.0
Trajectories/2022-04-11/330_RR220411A_762C_1910.bmp,330_RR220411A_762C_1910.bmp,Trajectories/2022-02-04/124_RR220204A_444C_1748.bmp,124_RR220204A_444C_1748.bmp,(1 x 1),2,HL,,2026-01-06T21:45:52.380055,286.0,284.0,Confident,(1 x 1),Trajectories/2022-02-04/124_RR220204A_444C_1748.bmp || Trajectories/2022-04-11/330_RR220411A_762C_1910.bmp,/content/rl_quantum_2026summer/data/original data/Trajectories/2022-04-11/330_RR220411A_762C_1910.bmp,/content/rl_quantum_2026summer/data/original data/Trajectories/2022-02-04/124_RR220204A_444C_1748.bmp,0,1.0
Trajectories/2022-02-04/133_RR220204A_467C_1754-01.bmp,133_RR220204A_467C_1754-01.bmp,Trajectories/2022-02-04/020_RR220204A_981C_0126-02.bmp,020_RR220204A_981C_0126-02.bmp,(1 x 1),2,AJ,,2025-12-11T15:22:36.381750,,,,(1 x 1),Trajectories/2022-02-04/020_RR220204A_981C_0126-02.bmp || Trajectories/2022-02-04/133_RR220204A_467C_1754-01.bmp,/content/rl_quantum_2026summer/data/original data/Trajectories/2022-02-04/133_RR220204A_467C_1754-01.bmp,/content/rl_quantum_2026summer/data/original data/Trajectories/2022-02-04/020_RR220204A_981C_0126-02.bmp,0,1.0
Trajectories/2022-02-04/133_RR220204A_467C_1754-01.bmp,133_RR220204A_467C_1754-01.bmp,Trajectories/2022-02-04/020_RR220204A_981C_0126-02.bmp,020_RR220204A_981C_0126-02.bmp,c(6 x 2),1,AJ,,2025-12-11T15:22:37.139293,,,,c(6 x 2),Trajectories/2022-02-04/020_RR220204A_981C_0126-02.bmp || Trajectories/2022-02-04/133_RR220204A_467C_1754-01.bmp,/content/rl_quantum_2026summer/data/original data/Trajectories/2022-02-04/133_RR220204A_467C_1754-01.bmp,/content/rl_quantum_2026summer/data/original data/Trajectories/2022-02-04/020_RR220204A_981C_0126-02.bmp,2,1.0
Trajectories/2022-02-04/356_RR220204A_949C_2144.bmp,356_RR220204A_949C_2144.bmp,Trajectories/2022-02-04/266_RR220204A_783C_1938.bmp,266_RR220204A_783C_1938.bmp,Twinned(2 x 1),tie,HL,,2026-01-05T23:06:20.933551,305.0,322.0,Confident,Twinned(2 x 1),Trajectories/2022-02-04/266_RR220204A_783C_1938.bmp || Trajectories/2022-02-04/356_RR220204A_949C_2144.bmp,/content/rl_quantum_2026summer/data/original data/Trajectories/2022-02-04/356_RR220204A_949C_2144.bmp,/content/rl_quantum_2026summer/data/original data/Trajectories/2022-02-04/266_RR220204A_783C_1938.bmp,1,1.0
Trajectories/2022-02-04/356_RR220204A_949C_2144.bmp,356_RR220204A_949C_2144.bmp,Trajectories/2022-02-04/266_RR220204A_783C_1938.bmp,266_RR220204A_783C_1938.bmp,(√13 x √13),tie,HL,,2026-01-05T23:06:22.247845,305.0,322.0,Confident,(√13 x √13),Trajectories/2022-02-04/266_RR220204A_783C_1938.bmp || Trajectories/2022-02-04/356_RR220204A_949C_2144.bmp,/content/rl_quantum_2026summer/data/original data/Trajectories/2022-02-04/356_RR220204A_949C_2144.bmp,/content/rl_quantum_2026summer/data/original data/Trajectories/2022-02-04/266_RR220204A_783C_1938.bmp,3,1.0
Trajectories/2022-02-04/356_RR220204A_949C_2144.bmp,356_RR220204A_949C_2144.bmp,Trajectories/2022-02-04/266_RR220204A_783C_1938.bmp,266_RR220204A_783C_1938.bmp,(1 x 1),tie,HL,,2026-01-05T23:06:23.437401,305.0,322.0,Confident,(1 x 1),Trajectories/2022-02-04/266_RR220204A_783C_1938.bmp || Trajectories/2022-02-04/356_RR220204A_949C_2144.bmp,/content/rl_quantum_2026summer/data/original data/Trajectories/2022-02-04/356_RR220204A_949C_2144.bmp,/content/rl_quantum_2026summer/data/original data/Trajectories/2022-02-04/266_RR220204A_783C_1938.bmp,0,1.0
Trajectories/2022-02-04/356_RR220204A_949C_2144.bmp,356_RR220204A_949C_2144.bmp,Trajectories/2022-02-04/266_RR220204A_783C_1938.bmp,266_RR220204A_783C_1938.bmp,c(6 x 2),not_apply,HL,,2026-01-05T23:06:24.468567,305.0,322.0,Confident,c(6 x 2),Trajectories/2022-02-04/266_RR220204A_783C_1938.bmp || Trajectories/2022-02-04/356_RR220204A_949C_2144.bmp,/content/rl_quantum_2026summer/data/original data/Trajectories/2022-02-04/356_RR220204A_949C_2144.bmp,/content/rl_quantum_2026summer/data/original data/Trajectories/2022-02-04/266_RR220204A_783C_1938.bmp,2,1.0
Trajectories/2022-02-04/356_RR220204A_949C_2144.bmp,356_RR220204A_949C_2144.bmp,Trajectories/2022-02-04/266_RR220204A_783C_1938.bmp,266_RR220204A_783C_1938.bmp,HTR,not_apply,HL,,2026-01-05T23:06:25.576622,305.0,322.0,Confident,HTR,Trajectories/2022-02-04/266_RR220204A_783C_1938.bmp || Trajectories/2022-02-04/356_RR220204A_949C_2144.bmp,/content/rl_quantum_2026summer/data/original data/Trajectories/2022-02-04/356_RR220204A_949C_2144.bmp,/content/rl_quantum_2026summer/data/original data/Trajectories/2022-02-04/266_RR220204A_783C_1938.bmp,4,1.0
Trajectories/2022-02-04/156_RR220204A_490C_1808.bmp,156_RR220204A_490C_1808.bmp,Trajectories/2022-02-04/383_RR220204A_937C_2331.bmp,383_RR220204A_937C_2331.bmp,c(6 x 2),not_apply,Jiangang,,2026-01-05T15:47:50.744420,300.0,301.0,Confident,c(6 x 2),Trajectories/2022-02-04/156_RR220204A_490C_1808.bmp || Trajectories/2022-02-04/383_RR220204A_937C_2331.bmp,/content/rl_quantum_2026summer/data/original data/Trajectories/2022-02-04/156_RR220204A_490C_1808.bmp,/content/rl_quantum_2026summer/data/original data/Trajectories/2022-02-04/383_RR220204A_937C_2331.bmp,2,1.0
Trajectories/2022-02-04/156_RR220204A_490C_1808.bmp,156_RR220204A_490C_1808.bmp,Trajectories/2022-02-04/383_RR220204A_937C_2331.bmp,383_RR220204A_937C_2331.bmp,(1 x 1),not_apply,Jiangang,,2026-01-05T15:47:51.850515,300.0,301.0,Confident,(1 x 1),Trajectories/2022-02-04/156_RR220204A_490C_1808.bmp || Trajectories/2022-02-04/383_RR220204A_937C_2331.bmp,/content/rl_quantum_2026summer/data/original data/Trajectories/2022-02-04/156_RR220204A_490C_1808.bmp,/content/rl_quantum_2026summer/data/original data/Trajectories/2022-02-04/383_RR220204A_937C_2331.bmp,0,1.0
Trajectories/2022-02-04/156_RR220204A_490C_1808.bmp,156_RR220204A_490C_1808.bmp,Trajectories/2022-02-04/383_RR220204A_937C_2331.bmp,383_RR220204A_937C_2331.bmp,(√13 x √13),tie,Jiangang,,2026-01-05T15:47:52.872317,300.0,301.0,Confident,(√13 x √13),Trajectories/2022-02-04/156_RR220204A_490C_1808.bmp || Trajectories/2022-02-04/383_RR220204A_937C_2331.bmp,/content/rl_quantum_2026summer/data/original data/Trajectories/2022-02-04/156_RR220204A_490C_1808.bmp,/content/rl_quantum_2026summer/data/original data/Trajectories/2022-02-04/383_RR220204A_937C_2331.bmp,3,1.0
Trajectories/2022-02-04/156_RR220204A_490C_1808.bmp,156_RR220204A_490C_1808.bmp,Trajectories/2022-02-04/383_RR220204A_937C_2331.bmp,383_RR220204A_937C_2331.bmp,HTR,not_apply,Jiangang,,2026-01-05T15:47:53.817106,300.0,301.0,Confident,HTR,Trajectories/2022-02-04/156_RR220204A_490C_1808.bmp || Trajectories/2022-02-04/383_RR220204A_937C_2331.bmp,/content/rl_quantum_2026summer/data/original data/Trajectories/2022-02-04/156_RR220204A_490C_1808.bmp,/content/rl_quantum_2026summer/data/original data/Trajectories/2022-02-04/383_RR220204A_937C_2331.bmp,4,1.0
Trajectories/2022-02-04/156_RR220204A_490C_1808.bmp,156_RR220204A_490C_1808.bmp,Trajectories/2022-02-04/383_RR220204A_937C_2331.bmp,383_RR220204A_937C_2331.bmp,Twinned(2 x 1),tie,Jiangang,,2026-01-05T15:47:54.734992,300.0,301.0,Confident,Twinned(2 x 1),Trajectories/2022-02-04/156_RR220204A_490C_1808.bmp || Trajectories/2022-02-04/383_RR220204A_937C_2331.bmp,/content/rl_quantum_2026summer/data/original data/Trajectories/2022-02-04/156_RR220204A_490C_1808.bmp,/content/rl_quantum_2026summer/data/original data/Trajectories/2022-02-04/383_RR220204A_937C_2331.bmp,1,1.0
Trajectories/2022-02-04/022_RR220204A_981C_0127.bmp,022_RR220204A_981C_0127.bmp,Trajectories/2022-02-04/114_RR220204A_440C_1738.bmp,114_RR220204A_440C_1738.bmp,HTR,not_apply,HL,,2025-12-15T21:28:47.723742,,,,HTR,Trajectories/2022-02-04/022_RR220204A_981C_0127.bmp || Trajectories/2022-02-04/114_RR220204A_440C_1738.bmp,/content/rl_quantum_2026summer/data/original data/Trajectories/2022-02-04/022_RR220204A_981C_0127.bmp,/content/rl_quantum_2026summer/data/original data/Trajectories/2022-02-04/114_RR220204A_440C_1738.bmp,4,1.0
Trajectories/2022-02-04/022_RR220204A_981C_0127.bmp,022_RR220204A_981C_0127.bmp,Trajectories/2022-02-04/114_RR220204A_440C_1738.bmp,114_RR220204A_440C_1738.bmp,Twinned(2 x 1),tie,HL,,2025-12-15T21:28:48.558482,,,,Twinned(2 x 1),Trajectories/2022-02-04/022_RR220204A_981C_0127.bmp || Trajectories/2022-02-04/114_RR220204A_440C_1738.bmp,/content/rl_quantum_2026summer/data/original data/Trajectories/2022-02-04/022_RR220204A_981C_0127.bmp,/content/rl_quantum_2026summer/data/original data/Trajectories/2022-02-04/114_RR220204A_440C_1738.bmp,1,1.0
Trajectories/2022-02-04/022_RR220204A_981C_0127.bmp,022_RR220204A_981C_0127.bmp,Trajectories/2022-02-04/114_RR220204A_440C_1738.bmp,114_RR220204A_440C_1738.bmp,c(6 x 2),not_apply,HL,,2025-12-15T21:28:49.362311,,,,c(6 x 2),Trajectories/2022-02-04/022_RR220204A_981C_0127.bmp || Trajectories/2022-02-04/114_RR220204A_440C_1738.bmp,/content/rl_quantum_2026summer/data/original data/Trajectories/2022-02-04/022_RR220204A_981C_0127.bmp,/content/rl_quantum_2026summer/data/original data/Trajectories/2022-02-04/114_RR220204A_440C_1738.bmp,2,1.0
Trajectories/2022-02-04/022_RR220204A_981C_0127.bmp,022_RR220204A_981C_0127.bmp,Trajectories/2022-02-04/114_RR220204A_440C_1738.bmp,114_RR220204A_440C_1738.bmp,(1 x 1),not_apply,HL,,2025-12-15T21:28:50.133363,,,,(1 x 1),Trajectories/2022-02-04/022_RR220204A_981C_0127.bmp || Trajectories/2022-02-04/114_RR220204A_440C_1738.bmp,/content/rl_quantum_2026summer/data/original data/Trajectories/2022-02-04/022_RR220204A_981C_0127.bmp,/content/rl_quantum_2026summer/data/original data/Trajectories/2022-02-04/114_RR220204A_440C_1738.bmp,0,1.0
Trajectories/2022-02-04/022_RR220204A_981C_0127.bmp,022_RR220204A_981C_0127.bmp,Trajectories/2022-02-04/114_RR220204A_440C_1738.bmp,114_RR220204A_440C_1738.bmp,(√13 x √13),2,HL,,2025-12-15T21:28:50.900298,,,,(√13 x √13),Trajectories/2022-02-04/022_RR220204A_981C_0127.bmp || Trajectories/2022-02-04/114_RR220204A_440C_1738.bmp,/content/rl_quantum_2026summer/data/original data/Trajectories/2022-02-04/022_RR220204A_981C_0127.bmp,/content/rl_quantum_2026summer/data/original data/Trajectories/2022-02-04/114_RR220204A_440C_1738.bmp,3,1.0
Trajectories/2022-04-11/238_RR220411A_905C_1736.bmp,238_RR220411A_905C_1736.bmp,Trajectories/2022-04-11/319_RR220411A_828C_1900.bmp,319_RR220411A_828C_1900.bmp,Twinned(2 x 1),not_apply,HL,,2026-01-06T21:49:26.146943,304.0,275.0,Confident,Twinned(2 x 1),Trajectories/2022-04-11/238_RR220411A_905C_1736.bmp || Trajectories/2022-04-11/319_RR220411A_828C_1900.bmp,/content/rl_quantum_2026summer/data/original data/Trajectories/2022-04-11/238_RR220411A_905C_1736.bmp,/content/rl_quantum_2026summer/data/original data/Trajectories/2022-04-11/319_RR220411A_828C_1900.bmp,1,1.0
Trajectories/2022-04-11/238_RR220411A_905C_1736.bmp,238_RR220411A_905C_1736.bmp,Trajectories/2022-04-11/319_RR220411A_828C_1900.bmp,319_RR220411A_828C_1900.bmp,c(6 x 2),2,HL,,2026-01-06T21:49:26.884725,304.0,275.0,Confident,c(6 x 2),Trajectories/2022-04-11/238_RR220411A_905C_1736.bmp || Trajectories/2022-04-11/319_RR220411A_828C_1900.bmp,/content/rl_quantum_2026summer/data/original data/Trajectories/2022-04-11/238_RR220411A_905C_1736.bmp,/content/rl_quantum_2026summer/data/original data/Trajectories/2022-04-11/319_RR220411A_828C_1900.bmp,2,1.0
Trajectories/2022-04-11/238_RR220411A_905C_1736.bmp,238_RR220411A_905C_1736.bmp,Trajectories/2022-04-11/319_RR220411A_828C_1900.bmp,319_RR220411A_828C_1900.bmp,(√13 x √13),2,HL,,2026-01-06T21:49:27.633243,304.0,275.0,Confident,(√13 x √13),Trajectories/2022-04-11/238_RR220411A_905C_1736.bmp || Trajectories/2022-04-11/319_RR220411A_828C_1900.bmp,/content/rl_quantum_2026summer/data/original data/Trajectories/2022-04-11/238_RR220411A_905C_1736.bmp,/content/rl_quantum_2026summer/data/original data/Trajectories/2022-04-11/319_RR220411A_828C_1900.bmp,3,1.0
Trajectories/2022-04-11/238_RR220411A_905C_1736.bmp,238_RR220411A_905C_1736.bmp,Trajectories/2022-04-11/319_RR220411A_828C_1900.bmp,319_RR220411A_828C_1900.bmp,HTR,not_apply,HL,,2026-01-06T21:49:28.456199,304.0,275.0,Confident,HTR,Trajectories/2022-04-11/238_RR220411A_905C_1736.bmp || Trajectories/2022-04-11/319_RR220411A_828C_1900.bmp,/content/rl_quantum_2026summer/data/original data/Trajectories/2022-04-11/238_RR220411A_905C_1736.bmp,/content/rl_quantum_2026summer/data/original data/Trajectories/2022-04-11/319_RR220411A_828C_1900.bmp,4,1.0
Trajectories/2022-04-11/238_RR220411A_905C_1736.bmp,238_RR220411A_905C_1736.bmp,Trajectories/2022-04-11/319_RR220411A_828C_1900.bmp,319_RR220411A_828C_1900.bmp,(1 x 1),2,HL,,2026-01-06T21:49:29.235097,304.0,275.0,Confident,(1 x 1),Trajectories/2022-04-11/238_RR220411A_905C_1736.bmp || Trajectories/2022-04-11/319_RR220411A_828C_1900.bmp,/content/rl_quantum_2026summer/data/original data/Trajectories/2022-04-11/238_RR220411A_905C_1736.bmp,/content/rl_quantum_2026summer/data/original data/Trajectories/2022-04-11/319_RR220411A_828C_1900.bmp,0,1.0
Trajectories/2022-02-06/195_RR220206A_944C_2101.bmp,195_RR220206A_944C_2101.bmp,Trajectories/2022-02-04/300_RR220204A_881C_2018.bmp,300_RR220204A_881C_2018.bmp,c(6 x 2),not_apply,HL,,2025-12-15T21:29:05.568661,,,,c(6 x 2),Trajectories/2022-02-04/300_RR220204A_881C_2018.bmp || Trajectories/2022-02-06/195_RR220206A_944C_2101.bmp,/content/rl_quantum_2026summer/data/original data/Trajectories/2022-02-06/195_RR220206A_944C_2101.bmp,/content/rl_quantum_2026summer/data/original data/Trajectories/2022-02-04/300_RR220204A_881C_2018.bmp,2,1.0
Trajectories/2022-02-06/195_RR220206A_944C_2101.bmp,195_RR220206A_944C_2101.bmp,Trajectories/2022-02-04/300_RR220204A_881C_2018.bmp,300_RR220204A_881C_2018.bmp,(1 x 1),not_apply,HL,,2025-12-15T21:29:06.411459,,,,(1 x 1),Trajectories/2022-02-04/300_RR220204A_881C_2018.bmp || Trajectories/2022-02-06/195_RR220206A_944C_2101.bmp,/content/rl_quantum_2026summer/data/original data/Trajectories/2022-02-06/195_RR220206A_944C_2101.bmp,/content/rl_quantum_2026summer/data/original data/Trajectories/2022-02-04/300_RR220204A_881C_2018.bmp,0,1.0
Trajectories/2022-02-06/195_RR220206A_944C_2101.bmp,195_RR220206A_944C_2101.bmp,Trajectories/2022-02-04/300_RR220204A_881C_2018.bmp,300_RR220204A_881C_2018.bmp,HTR,1,HL,,2025-12-15T21:29:07.207056,,,,HTR,Trajectories/2022-02-04/300_RR220204A_881C_2018.bmp || Trajectories/2022-02-06/195_RR220206A_944C_2101.bmp,/content/rl_quantum_2026summer/data/original data/Trajectories/2022-02-06/195_RR220206A_944C_2101.bmp,/content/rl_quantum_2026summer/data/original data/Trajectories/2022-02-04/300_RR220204A_881C_2018.bmp,4,1.0
Trajectories/2022-02-06/195_RR220206A_944C_2101.bmp,195_RR220206A_944C_2101.bmp,Trajectories/2022-02-04/300_RR220204A_881C_2018.bmp,300_RR220204A_881C_2018.bmp,(√13 x √13),2,HL,,2025-12-15T21:29:08.028312,,,,(√13 x √13),Trajectories/2022-02-04/300_RR220204A_881C_2018.bmp || Trajectories/2022-02-06/195_RR220206A_944C_2101.bmp,/content/rl_quantum_2026summer/data/original data/Trajectories/2022-02-06/195_RR220206A_944C_2101.bmp,/content/rl_quantum_2026summer/data/original data/Trajectories/2022-02-04/300_RR220204A_881C_2018.bmp,3,1.0
Trajectories/2022-02-06/195_RR220206A_944C_2101.bmp,195_RR220206A_944C_2101.bmp,Trajectories/2022-02-04/300_RR220204A_881C_2018.bmp,300_RR220204A_881C_2018.bmp,Twinned(2 x 1),2,HL,,2025-12-15T21:29:08.845080,,,,Twinned(2 x 1),Trajectories/2022-02-04/300_RR220204A_881C_2018.bmp || Trajectories/2022-02-06/195_RR220206A_944C_2101.bmp,/content/rl_quantum_2026summer/data/original data/Trajectories/2022-02-06/195_RR220206A_944C_2101.bmp,/content/rl_quantum_2026summer/data/original data/Trajectories/2022-02-04/300_RR220204A_881C_2018.bmp,1,1.0
Trajectories/2022-04-11/111_RR220411A_536C_1546.bmp,111_RR220411A_536C_1546.bmp,Trajectories/2022-04-11/175_RR220411A_765C_1645.bmp,175_RR220411A_765C_1645.bmp,(√13 x √13),not_apply,Jiangang,,2026-01-05T15:49:28.098935,302.0,335.0,Confident,(√13 x √13),Trajectories/2022-04-11/111_RR220411A_536C_1546.bmp || Trajectories/2022-04-11/175_RR220411A_765C_1645.bmp,/content/rl_quantum_2026summer/data/original data/Trajectories/2022-04-11/111_RR220411A_536C_1546.bmp,/content/rl_quantum_2026summer/data/original data/Trajectories/2022-04-11/175_RR220411A_765C_1645.bmp,3,1.0
Trajectories/2022-04-11/111_RR220411A_536C_1546.bmp,111_RR220411A_536C_1546.bmp,Trajectories/2022-04-11/175_RR220411A_765C_1645.bmp,175_RR220411A_765C_1645.bmp,(1 x 1),tie,Jiangang,,2026-01-05T15:49:29.047838,302.0,335.0,Confident,(1 x 1),Trajectories/2022-04-11/111_RR220411A_536C_1546.bmp || Trajectories/2022-04-11/175_RR220411A_765C_1645.bmp,/content/rl_quantum_2026summer/data/original data/Trajectories/2022-04-11/111_RR220411A_536C_1546.bmp,/content/rl_quantum_2026summer/data/original data/Trajectories/2022-04-11/175_RR220411A_765C_1645.bmp,0,1.0
Trajectories/2022-04-11/111_RR220411A_536C_1546.bmp,111_RR220411A_536C_1546.bmp,Trajectories/2022-04-11/175_RR220411A_765C_1645.bmp,175_RR220411A_765C_1645.bmp,Twinned(2 x 1),not_apply,Jiangang,,2026-01-05T15:49:30.061380,302.0,335.0,Confident,Twinned(2 x 1),Trajectories/2022-04-11/111_RR220411A_536C_1546.bmp || Trajectories/2022-04-11/175_RR220411A_765C_1645.bmp,/content/rl_quantum_2026summer/data/original data/Trajectories/2022-04-11/111_RR220411A_536C_1546.bmp,/content/rl_quantum_2026summer/data/original data/Trajectories/2022-04-11/175_RR220411A_765C_1645.bmp,1,1.0
Trajectories/2022-04-11/111_RR220411A_536C_1546.bmp,111_RR220411A_536C_1546.bmp,Trajectories/2022-04-11/175_RR220411A_765C_1645.bmp,175_RR220411A_765C_1645.bmp,HTR,not_apply,Jiangang,,2026-01-05T15:49:30.891749,302.0,335.0,Confident,HTR,Trajectories/2022-04-11/111_RR220411A_536C_1546.bmp || Trajectories/2022-04-11/175_RR220411A_765C_1645.bmp,/content/rl_quantum_2026summer/data/original data/Trajectories/2022-04-11/111_RR220411A_536C_1546.bmp,/content/rl_quantum_2026summer/data/original data/Trajectories/2022-04-11/175_RR220411A_765C_1645.bmp,4,1.0
Trajectories/2022-04-11/366_RR220411A_654C_1930.bmp,366_RR220411A_654C_1930.bmp,Trajectories/2022-04-11/323_RR220411A_816C_1903.bmp,323_RR220411A_816C_1903.bmp,HTR,not_apply,SY,,2025-12-10T16:57:42.092980,,,,HTR,Trajectories/2022-04-11/323_RR220411A_816C_1903.bmp || Trajectories/2022-04-11/366_RR220411A_654C_1930.bmp,/content/rl_quantum_2026summer/data/original data/Trajectories/2022-04-11/366_RR220411A_654C_1930.bmp,/content/rl_quantum_2026summer/data/original data/Trajectories/2022-04-11/323_RR220411A_816C_1903.bmp,4,1.0
Trajectories/2022-04-11/366_RR220411A_654C_1930.bmp,366_RR220411A_654C_1930.bmp,Trajectories/2022-04-11/323_RR220411A_816C_1903.bmp,323_RR220411A_816C_1903.bmp,(√13 x √13),tie,SY,,2025-12-10T16:57:42.961149,,,,(√13 x √13),Trajectories/2022-04-11/323_RR220411A_816C_1903.bmp || Trajectories/2022-04-11/366_RR220411A_654C_1930.bmp,/content/rl_quantum_2026summer/data/original data/Trajectories/2022-04-11/366_RR220411A_654C_1930.bmp,/content/rl_quantum_2026summer/data/original data/Trajectories/2022-04-11/323_RR220411A_816C_1903.bmp,3,1.0
Trajectories/2022-04-11/366_RR220411A_654C_1930.bmp,366_RR220411A_654C_1930.bmp,Trajectories/2022-04-11/323_RR220411A_816C_1903.bmp,323_RR220411A_816C_1903.bmp,c(6 x 2),tie,SY,,2025-12-10T16:57:43.641358,,,,c(6 x 2),Trajectories/2022-04-11/323_RR220411A_816C_1903.bmp || Trajectories/2022-04-11/366_RR220411A_654C_1930.bmp,/content/rl_quantum_2026summer/data/original data/Trajectories/2022-04-11/366_RR220411A_654C_1930.bmp,/content/rl_quantum_2026summer/data/original data/Trajectories/2022-04-11/323_RR220411A_816C_1903.bmp,2,1.0
Trajectories/2022-04-11/366_RR220411A_654C_1930.bmp,366_RR220411A_654C_1930.bmp,Trajectories/2022-04-11/323_RR220411A_816C_1903.bmp,323_RR220411A_816C_1903.bmp,Twinned(2 x 1),not_apply,SY,,2025-12-10T16:57:44.332936,,,,Twinned(2 x 1),Trajectories/2022-04-11/323_RR220411A_816C_1903.bmp || Trajectories/2022-04-11/366_RR220411A_654C_1930.bmp,/content/rl_quantum_2026summer/data/original data/Trajectories/2022-04-11/366_RR220411A_654C_1930.bmp,/content/rl_quantum_2026summer/data/original data/Trajectories/2022-04-11/323_RR220411A_816C_1903.bmp,1,1.0
Trajectories/2022-04-11/366_RR220411A_654C_1930.bmp,366_RR220411A_654C_1930.bmp,Trajectories/2022-04-11/323_RR220411A_816C_1903.bmp,323_RR220411A_816C_1903.bmp,(1 x 1),tie,SY,,2025-12-10T16:57:45.015657,,,,(1 x 1),Trajectories/2022-04-11/323_RR220411A_816C_1903.bmp || Trajectories/2022-04-11/366_RR220411A_654C_1930.bmp,/content/rl_quantum_2026summer/data/original data/Trajectories/2022-04-11/366_RR220411A_654C_1930.bmp,/content/rl_quantum_2026summer/data/original data/Trajectories/2022-04-11/323_RR220411A_816C_1903.bmp,0,1.0
Trajectories/2022-04-11/227_RR220411A_877C_1726.bmp,227_RR220411A_877C_1726.bmp,Trajectories/2022-04-11/323_RR220411A_816C_1903.bmp,323_RR220411A_816C_1903.bmp,(1 x 1),tie,SY,,2025-12-10T16:53:04.584675,,,,(1 x 1),Trajectories/2022-04-11/227_RR220411A_877C_1726.bmp || Trajectories/2022-04-11/323_RR220411A_816C_1903.bmp,/content/rl_quantum_2026summer/data/original data/Trajectories/2022-04-11/227_RR220411A_877C_1726.bmp,/content/rl_quantum_2026summer/data/original data/Trajectories/2022-04-11/323_RR220411A_816C_1903.bmp,0,1.0
Trajectories/2022-04-11/227_RR220411A_877C_1726.bmp,227_RR220411A_877C_1726.bmp,Trajectories/2022-04-11/323_RR220411A_816C_1903.bmp,323_RR220411A_816C_1903.bmp,Twinned(2 x 1),not_apply,SY,,2025-12-10T16:53:05.371791,,,,Twinned(2 x 1),Trajectories/2022-04-11/227_RR220411A_877C_1726.bmp || Trajectories/2022-04-11/323_RR220411A_816C_1903.bmp,/content/rl_quantum_2026summer/data/original data/Trajectories/2022-04-11/227_RR220411A_877C_1726.bmp,/content/rl_quantum_2026summer/data/original data/Trajectories/2022-04-11/323_RR220411A_816C_1903.bmp,1,1.0
Trajectories/2022-04-11/227_RR220411A_877C_1726.bmp,227_RR220411A_877C_1726.bmp,Trajectories/2022-04-11/323_RR220411A_816C_1903.bmp,323_RR220411A_816C_1903.bmp,HTR,not_apply,SY,,2025-12-10T16:53:06.064212,,,,HTR,Trajectories/2022-04-11/227_RR220411A_877C_1726.bmp || Trajectories/2022-04-11/323_RR220411A_816C_1903.bmp,/content/rl_quantum_2026summer/data/original data/Trajectories/2022-04-11/227_RR220411A_877C_1726.bmp,/content/rl_quantum_2026summer/data/original data/Trajectories/2022-04-11/323_RR220411A_816C_1903.bmp,4,1.0
Trajectories/2022-04-11/227_RR220411A_877C_1726.bmp,227_RR220411A_877C_1726.bmp,Trajectories/2022-04-11/323_RR220411A_816C_1903.bmp,323_RR220411A_816C_1903.bmp,c(6 x 2),1,SY,,2025-12-10T16:53:06.771231,,,,c(6 x 2),Trajectories/2022-04-11/227_RR220411A_877C_1726.bmp || Trajectories/2022-04-11/323_RR220411A_816C_1903.bmp,/content/rl_quantum_2026summer/data/original data/Trajectories/2022-04-11/227_RR220411A_877C_1726.bmp,/content/rl_quantum_2026summer/data/original data/Trajectories/2022-04-11/323_RR220411A_816C_1903.bmp,2,1.0
Trajectories/2022-04-11/227_RR220411A_877C_1726.bmp,227_RR220411A_877C_1726.bmp,Trajectories/2022-04-11/323_RR220411A_816C_1903.bmp,323_RR220411A_816C_1903.bmp,(√13 x √13),2,SY,,2025-12-10T16:53:07.436978,,,,(√13 x √13),Trajectories/2022-04-11/227_RR220411A_877C_1726.bmp || Trajectories/2022-04-11/323_RR220411A_816C_1903.bmp,/content/rl_quantum_2026summer/data/original data/Trajectories/2022-04-11/227_RR220411A_877C_1726.bmp,/content/rl_quantum_2026summer/data/original data/Trajectories/2022-04-11/323_RR220411A_816C_1903.bmp,3,1.0
Trajectories/2022-02-04/126_RR220204A_443C_1750.bmp,126_RR220204A_443C_1750.bmp,Trajectories/2022-04-11/213_RR220411A_857C_1715.bmp,213_RR220411A_857C_1715.bmp,Twinned(2 x 1),1,HL,,2026-01-05T23:23:22.958120,257.0,270.0,Confident,Twinned(2 x 1),Trajectories/2022-02-04/126_RR220204A_443C_1750.bmp || Trajectories/2022-04-11/213_RR220411A_857C_1715.bmp,/content/rl_quantum_2026summer/data/original data/Trajectories/2022-02-04/126_RR220204A_443C_1750.bmp,/content/rl_quantum_2026summer/data/original data/Trajectories/2022-04-11/213_RR220411A_857C_1715.bmp,1,1.0
Trajectories/2022-02-04/126_RR220204A_443C_1750.bmp,126_RR220204A_443C_1750.bmp,Trajectories/2022-04-11/213_RR220411A_857C_1715.bmp,213_RR220411A_857C_1715.bmp,(√13 x √13),1,HL,,2026-01-05T23:23:23.972572,257.0,270.0,Confident,(√13 x √13),Trajectories/2022-02-04/126_RR220204A_443C_1750.bmp || Trajectories/2022-04-11/213_RR220411A_857C_1715.bmp,/content/rl_quantum_2026summer/data/original data/Trajectories/2022-02-04/126_RR220204A_443C_1750.bmp,/content/rl_quantum_2026summer/data/original data/Trajectories/2022-04-11/213_RR220411A_857C_1715.bmp,3,1.0
Trajectories/2022-02-04/126_RR220204A_443C_1750.bmp,126_RR220204A_443C_1750.bmp,Trajectories/2022-04-11/213_RR220411A_857C_1715.bmp,213_RR220411A_857C_1715.bmp,HTR,2,HL,,2026-01-05T23:23:24.915946,257.0,270.0,Confident,HTR,Trajectories/2022-02-04/126_RR220204A_443C_1750.bmp || Trajectories/2022-04-11/213_RR220411A_857C_1715.bmp,/content/rl_quantum_2026summer/data/original data/Trajectories/2022-02-04/126_RR220204A_443C_1750.bmp,/content/rl_quantum_2026summer/data/original data/Trajectories/2022-04-11/213_RR220411A_857C_1715.bmp,4,1.0
Trajectories/2022-02-04/126_RR220204A_443C_1750.bmp,126_RR220204A_443C_1750.bmp,Trajectories/2022-04-11/213_RR220411A_857C_1715.bmp,213_RR220411A_857C_1715.bmp,c(6 x 2),not_apply,HL,,2026-01-05T23:23:25.959887,257.0,270.0,Confident,c(6 x 2),Trajectories/2022-02-04/126_RR220204A_443C_1750.bmp || Trajectories/2022-04-11/213_RR220411A_857C_1715.bmp,/content/rl_quantum_2026summer/data/original data/Trajectories/2022-02-04/126_RR220204A_443C_1750.bmp,/content/rl_quantum_2026summer/data/original data/Trajectories/2022-04-11/213_RR220411A_857C_1715.bmp,2,1.0
Trajectories/2022-02-04/126_RR220204A_443C_1750.bmp,126_RR220204A_443C_1750.bmp,Trajectories/2022-04-11/213_RR220411A_857C_1715.bmp,213_RR220411A_857C_1715.bmp,(1 x 1),1,HL,,2026-01-05T23:23:26.888675,257.0,270.0,Confident,(1 x 1),Trajectories/2022-02-04/126_RR220204A_443C_1750.bmp || Trajectories/2022-04-11/213_RR220411A_857C_1715.bmp,/content/rl_quantum_2026summer/data/original data/Trajectories/2022-02-04/126_RR220204A_443C_1750.bmp,/content/rl_quantum_2026summer/data/original data/Trajectories/2022-04-11/213_RR220411A_857C_1715.bmp,0,1.0
Trajectories/2022-02-04/385_RR220204A_939C_2340.bmp,385_RR220204A_939C_2340.bmp,Trajectories/2022-04-11/237_RR220411A_901C_1735.bmp,237_RR220411A_901C_1735.bmp,Twinned(2 x 1),not_apply,AJ,,2025-12-19T21:12:42.306726,190.0,202.0,Somewhat sure,Twinned(2 x 1),Trajectories/2022-02-04/385_RR220204A_939C_2340.bmp || Trajectories/2022-04-11/237_RR220411A_901C_1735.bmp,/content/rl_quantum_2026summer/data/original data/Trajectories/2022-02-04/385_RR220204A_939C_2340.bmp,/content/rl_quantum_2026summer/data/original data/Trajectories/2022-04-11/237_RR220411A_901C_1735.bmp,1,0.7
Trajectories/2022-02-04/385_RR220204A_939C_2340.bmp,385_RR220204A_939C_2340.bmp,Trajectories/2022-04-11/237_RR220411A_901C_1735.bmp,237_RR220411A_901C_1735.bmp,c(6 x 2),tie,AJ,,2025-12-19T21:12:43.432225,190.0,202.0,Somewhat sure,c(6 x 2),Trajectories/2022-02-04/385_RR220204A_939C_2340.bmp || Trajectories/2022-04-11/237_RR220411A_901C_1735.bmp,/content/rl_quantum_2026summer/data/original data/Trajectories/2022-02-04/385_RR220204A_939C_2340.bmp,/content/rl_quantum_2026summer/data/original data/Trajectories/2022-04-11/237_RR220411A_901C_1735.bmp,2,0.7
Trajectories/2022-02-04/385_RR220204A_939C_2340.bmp,385_RR220204A_939C_2340.bmp,Trajectories/2022-04-11/237_RR220411A_901C_1735.bmp,237_RR220411A_901C_1735.bmp,(1 x 1),not_apply,AJ,,2025-12-19T21:12:44.323391,190.0,202.0,Somewhat sure,(1 x 1),Trajectories/2022-02-04/385_RR220204A_939C_2340.bmp || Trajectories/2022-04-11/237_RR220411A_901C_1735.bmp,/content/rl_quantum_2026summer/data/original data/Trajectories/2022-02-04/385_RR220204A_939C_2340.bmp,/content/rl_quantum_2026summer/data/original data/Trajectories/2022-04-11/237_RR220411A_901C_1735.bmp,0,0.7
Trajectories/2022-02-04/385_RR220204A_939C_2340.bmp,385_RR220204A_939C_2340.bmp,Trajectories/2022-04-11/237_RR220411A_901C_1735.bmp,237_RR220411A_901C_1735.bmp,HTR,not_apply,AJ,,2025-12-19T21:12:45.359198,190.0,202.0,Somewhat sure,HTR,Trajectories/2022-02-04/385_RR220204A_939C_2340.bmp || Trajectories/2022-04-11/237_RR220411A_901C_1735.bmp,/content/rl_quantum_2026summer/data/original data/Trajectories/2022-02-04/385_RR220204A_939C_2340.bmp,/content/rl_quantum_2026summer/data/original data/Trajectories/2022-04-11/237_RR220411A_901C_1735.bmp,4,0.7
Trajectories/2022-02-04/385_RR220204A_939C_2340.bmp,385_RR220204A_939C_2340.bmp,Trajectories/2022-04-11/237_RR220411A_901C_1735.bmp,237_RR220411A_901C_1735.bmp,(√13 x √13),tie,AJ,,2025-12-19T21:12:46.700536,190.0,202.0,Somewhat sure,(√13 x √13),Trajectories/2022-02-04/385_RR220204A_939C_2340.bmp || Trajectories/2022-04-11/237_RR220411A_901C_1735.bmp,/content/rl_quantum_2026summer/data/original data/Trajectories/2022-02-04/385_RR220204A_939C_2340.bmp,/content/rl_quantum_2026summer/data/original data/Trajectories/2022-04-11/237_RR220411A_901C_1735.bmp,3,0.7
Trajectories/2022-04-11/204_RR220411A_851C_1712.bmp,204_RR220411A_851C_1712.bmp,Trajectories/2022-02-04/131_RR220204A_466C_1754.bmp,131_RR220204A_466C_1754.bmp,c(6 x 2),not_apply,HL,,2025-12-15T21:06:00.801724,,,,c(6 x 2),Trajectories/2022-02-04/131_RR220204A_466C_1754.bmp || Trajectories/2022-04-11/204_RR220411A_851C_1712.bmp,/content/rl_quantum_2026summer/data/original data/Trajectories/2022-04-11/204_RR220411A_851C_1712.bmp,/content/rl_quantum_2026summer/data/original data/Trajectories/2022-02-04/131_RR220204A_466C_1754.bmp,2,1.0
Trajectories/2022-04-11/204_RR220411A_851C_1712.bmp,204_RR220411A_851C_1712.bmp,Trajectories/2022-02-04/131_RR220204A_466C_1754.bmp,131_RR220204A_466C_1754.bmp,Twinned(2 x 1),2,HL,,2025-12-15T21:06:01.970275,,,,Twinned(2 x 1),Trajectories/2022-02-04/131_RR220204A_466C_1754.bmp || Trajectories/2022-04-11/204_RR220411A_851C_1712.bmp,/content/rl_quantum_2026summer/data/original data/Trajectories/2022-04-11/204_RR220411A_851C_1712.bmp,/content/rl_quantum_2026summer/data/original data/Trajectories/2022-02-04/131_RR220204A_466C_1754.bmp,1,1.0
Trajectories/2022-04-11/204_RR220411A_851C_1712.bmp,204_RR220411A_851C_1712.bmp,Trajectories/2022-02-04/131_RR220204A_466C_1754.bmp,131_RR220204A_466C_1754.bmp,(√13 x √13),2,HL,,2025-12-15T21:06:02.996487,,,,(√13 x √13),Trajectories/2022-02-04/131_RR220204A_466C_1754.bmp || Trajectories/2022-04-11/204_RR220411A_851C_1712.bmp,/content/rl_quantum_2026summer/data/original data/Trajectories/2022-04-11/204_RR220411A_851C_1712.bmp,/content/rl_quantum_2026summer/data/original data/Trajectories/2022-02-04/131_RR220204A_466C_1754.bmp,3,1.0
Trajectories/2022-04-11/204_RR220411A_851C_1712.bmp,204_RR220411A_851C_1712.bmp,Trajectories/2022-02-04/131_RR220204A_466C_1754.bmp,131_RR220204A_466C_1754.bmp,(1 x 1),not_apply,HL,,2025-12-15T21:06:03.890960,,,,(1 x 1),Trajectories/2022-02-04/131_RR220204A_466C_1754.bmp || Trajectories/2022-04-11/204_RR220411A_851C_1712.bmp,/content/rl_quantum_2026summer/data/original data/Trajectories/2022-04-11/204_RR220411A_851C_1712.bmp,/content/rl_quantum_2026summer/data/original data/Trajectories/2022-02-04/131_RR220204A_466C_1754.bmp,0,1.0
Trajectories/2022-04-11/204_RR220411A_851C_1712.bmp,204_RR220411A_851C_1712.bmp,Trajectories/2022-02-04/131_RR220204A_466C_1754.bmp,131_RR220204A_466C_1754.bmp,HTR,not_apply,HL,,2025-12-15T21:06:04.866413,,,,HTR,Trajectories/2022-02-04/131_RR220204A_466C_1754.bmp || Trajectories/2022-04-11/204_RR220411A_851C_1712.bmp,/content/rl_quantum_2026summer/data/original data/Trajectories/2022-04-11/204_RR220411A_851C_1712.bmp,/content/rl_quantum_2026summer/data/original data/Trajectories/2022-02-04/131_RR220204A_466C_1754.bmp,4,1.0
Trajectories/2022-02-04/338_RR220204A_940C_2108.bmp,338_RR220204A_940C_2108.bmp,Trajectories/2022-04-11/354_RR220411A_693C_1924.bmp,354_RR220411A_693C_1924.bmp,c(6 x 2),2,Jiangang,,2026-01-05T15:46:27.745309,325.0,202.0,Confident,c(6 x 2),Trajectories/2022-02-04/338_RR220204A_940C_2108.bmp || Trajectories/2022-04-11/354_RR220411A_693C_1924.bmp,/content/rl_quantum_2026summer/data/original data/Trajectories/2022-02-04/338_RR220204A_940C_2108.bmp,/content/rl_quantum_2026summer/data/original data/Trajectories/2022-04-11/354_RR220411A_693C_1924.bmp,2,1.0
Trajectories/2022-02-04/338_RR220204A_940C_2108.bmp,338_RR220204A_940C_2108.bmp,Trajectories/2022-04-11/354_RR220411A_693C_1924.bmp,354_RR220411A_693C_1924.bmp,Twinned(2 x 1),1,Jiangang,,2026-01-05T15:46:29.362949,325.0,202.0,Confident,Twinned(2 x 1),Trajectories/2022-02-04/338_RR220204A_940C_2108.bmp || Trajectories/2022-04-11/354_RR220411A_693C_1924.bmp,/content/rl_quantum_2026summer/data/original data/Trajectories/2022-02-04/338_RR220204A_940C_2108.bmp,/content/rl_quantum_2026summer/data/original data/Trajectories/2022-04-11/354_RR220411A_693C_1924.bmp,1,1.0
Trajectories/2022-02-04/338_RR220204A_940C_2108.bmp,338_RR220204A_940C_2108.bmp,Trajectories/2022-04-11/354_RR220411A_693C_1924.bmp,354_RR220411A_693C_1924.bmp,HTR,not_apply,Jiangang,,2026-01-05T15:46:30.755792,325.0,202.0,Confident,HTR,Trajectories/2022-02-04/338_RR220204A_940C_2108.bmp || Trajectories/2022-04-11/354_RR220411A_693C_1924.bmp,/content/rl_quantum_2026summer/data/original data/Trajectories/2022-02-04/338_RR220204A_940C_2108.bmp,/content/rl_quantum_2026summer/data/original data/Trajectories/2022-04-11/354_RR220411A_693C_1924.bmp,4,1.0
Trajectories/2022-02-04/338_RR220204A_940C_2108.bmp,338_RR220204A_940C_2108.bmp,Trajectories/2022-04-11/354_RR220411A_693C_1924.bmp,354_RR220411A_693C_1924.bmp,(1 x 1),not_apply,Jiangang,,2026-01-05T15:46:31.668455,325.0,202.0,Confident,(1 x 1),Trajectories/2022-02-04/338_RR220204A_940C_2108.bmp || Trajectories/2022-04-11/354_RR220411A_693C_1924.bmp,/content/rl_quantum_2026summer/data/original data/Trajectories/2022-02-04/338_RR220204A_940C_2108.bmp,/content/rl_quantum_2026summer/data/original data/Trajectories/2022-04-11/354_RR220411A_693C_1924.bmp,0,1.0
Trajectories/2022-02-04/338_RR220204A_940C_2108.bmp,338_RR220204A_940C_2108.bmp,Trajectories/2022-04-11/354_RR220411A_693C_1924.bmp,354_RR220411A_693C_1924.bmp,(√13 x √13),tie,Jiangang,,2026-01-05T15:46:32.595069,325.0,202.0,Confident,(√13 x √13),Trajectories/2022-02-04/338_RR220204A_940C_2108.bmp || Trajectories/2022-04-11/354_RR220411A_693C_1924.bmp,/content/rl_quantum_2026summer/data/original data/Trajectories/2022-02-04/338_RR220204A_940C_2108.bmp,/content/rl_quantum_2026summer/data/original data/Trajectories/2022-04-11/354_RR220411A_693C_1924.bmp,3,1.0
Trajectories/2022-02-06/163_RR220206A_1105C_2015.bmp,163_RR220206A_1105C_2015.bmp,Trajectories/2022-02-06/249_RR220206A_638C_2210.bmp,249_RR220206A_638C_2210.bmp,HTR,tie,AJ,,2025-12-12T00:20:17.137865,,,,HTR,Trajectories/2022-02-06/163_RR220206A_1105C_2015.bmp || Trajectories/2022-02-06/249_RR220206A_638C_2210.bmp,/content/rl_quantum_2026summer/data/original data/Trajectories/2022-02-06/163_RR220206A_1105C_2015.bmp,/content/rl_quantum_2026summer/data/original data/Trajectories/2022-02-06/249_RR220206A_638C_2210.bmp,4,1.0
Trajectories/2022-04-11/036_RR220411A_313C_1443.bmp,036_RR220411A_313C_1443.bmp,Trajectories/2022-04-11/072_RR220411A_429C_1516.bmp,072_RR220411A_429C_1516.bmp,(1 x 1),tie,AJ,,2025-12-12T00:18:56.770269,,,,(1 x 1),Trajectories/2022-04-11/036_RR220411A_313C_1443.bmp || Trajectories/2022-04-11/072_RR220411A_429C_1516.bmp,/content/rl_quantum_2026summer/data/original data/Trajectories/2022-04-11/036_RR220411A_313C_1443.bmp,/content/rl_quantum_2026summer/data/original data/Trajectories/2022-04-11/072_RR220411A_429C_1516.bmp,0,1.0
Trajectories/2022-02-04/347_RR220204A_954C_2124.bmp,347_RR220204A_954C_2124.bmp,Trajectories/2022-02-04/106_RR220204A_430C_1736.bmp,106_RR220204A_430C_1736.bmp,(√13 x √13),tie,AJ,,2025-12-12T00:16:52.540382,,,,(√13 x √13),Trajectories/2022-02-04/106_RR220204A_430C_1736.bmp || Trajectories/2022-02-04/347_RR220204A_954C_2124.bmp,/content/rl_quantum_2026summer/data/original data/Trajectories/2022-02-04/347_RR220204A_954C_2124.bmp,/content/rl_quantum_2026summer/data/original data/Trajectories/2022-02-04/106_RR220204A_430C_1736.bmp,3,1.0
Trajectories/2022-02-04/139_RR220204A_470C_1758.bmp,139_RR220204A_470C_1758.bmp,Trajectories/2022-04-11/372_RR220411A_636C_1935.bmp,372_RR220411A_636C_1935.bmp,(1 x 1),2,SY,,2025-12-23T22:34:12.745124,289.0,225.0,Confident,(1 x 1),Trajectories/2022-02-04/139_RR220204A_470C_1758.bmp || Trajectories/2022-04-11/372_RR220411A_636C_1935.bmp,/content/rl_quantum_2026summer/data/original data/Trajectories/2022-02-04/139_RR220204A_470C_1758.bmp,/content/rl_quantum_2026summer/data/original data/Trajectories/2022-04-11/372_RR220411A_636C_1935.bmp,0,1.0
Trajectories/2022-02-04/139_RR220204A_470C_1758.bmp,139_RR220204A_470C_1758.bmp,Trajectories/2022-04-11/372_RR220411A_636C_1935.bmp,372_RR220411A_636C_1935.bmp,c(6 x 2),2,SY,,2025-12-23T22:34:14.341327,289.0,225.0,Confident,c(6 x 2),Trajectories/2022-02-04/139_RR220204A_470C_1758.bmp || Trajectories/2022-04-11/372_RR220411A_636C_1935.bmp,/content/rl_quantum_2026summer/data/original data/Trajectories/2022-02-04/139_RR220204A_470C_1758.bmp,/content/rl_quantum_2026summer/data/original data/Trajectories/2022-04-11/372_RR220411A_636C_1935.bmp,2,1.0
Trajectories/2022-02-04/139_RR220204A_470C_1758.bmp,139_RR220204A_470C_1758.bmp,Trajectories/2022-04-11/372_RR220411A_636C_1935.bmp,372_RR220411A_636C_1935.bmp,Twinned(2 x 1),1,SY,,2025-12-23T22:34:15.582260,289.0,225.0,Confident,Twinned(2 x 1),Trajectories/2022-02-04/139_RR220204A_470C_1758.bmp || Trajectories/2022-04-11/372_RR220411A_636C_1935.bmp,/content/rl_quantum_2026summer/data/original data/Trajectories/2022-02-04/139_RR220204A_470C_1758.bmp,/content/rl_quantum_2026summer/data/original data/Trajectories/2022-04-11/372_RR220411A_636C_1935.bmp,1,1.0
Trajectories/2022-02-04/139_RR220204A_470C_1758.bmp,139_RR220204A_470C_1758.bmp,Trajectories/2022-04-11/372_RR220411A_636C_1935.bmp,372_RR220411A_636C_1935.bmp,(√13 x √13),2,SY,,2025-12-23T22:34:17.185642,289.0,225.0,Confident,(√13 x √13),Trajectories/2022-02-04/139_RR220204A_470C_1758.bmp || Trajectories/2022-04-11/372_RR220411A_636C_1935.bmp,/content/rl_quantum_2026summer/data/original data/Trajectories/2022-02-04/139_RR220204A_470C_1758.bmp,/content/rl_quantum_2026summer/data/original data/Trajectories/2022-04-11/372_RR220411A_636C_1935.bmp,3,1.0
Trajectories/2022-02-04/139_RR220204A_470C_1758.bmp,139_RR220204A_470C_1758.bmp,Trajectories/2022-04-11/372_RR220411A_636C_1935.bmp,372_RR220411A_636C_1935.bmp,HTR,not_apply,SY,,2025-12-23T22:34:18.689865,289.0,225.0,Confident,HTR,Trajectories/2022-02-04/139_RR220204A_470C_1758.bmp || Trajectories/2022-04-11/372_RR220411A_636C_1935.bmp,/content/rl_quantum_2026summer/data/original data/Trajectories/2022-02-04/139_RR220204A_470C_1758.bmp,/content/rl_quantum_2026summer/data/original data/Trajectories/2022-04-11/372_RR220411A_636C_1935.bmp,4,1.0
Trajectories/2022-02-04/309_RR220204A_911C_2027.bmp,309_RR220204A_911C_2027.bmp,Trajectories/2022-02-04/361_RR220204A_947C_2156.bmp,361_RR220204A_947C_2156.bmp,(√13 x √13),tie,AJ,,2025-12-06 01:23:38,,,,(√13 x √13),Trajectories/2022-02-04/309_RR220204A_911C_2027.bmp || Trajectories/2022-02-04/361_RR220204A_947C_2156.bmp,/content/rl_quantum_2026summer/data/original data/Trajectories/2022-02-04/309_RR220204A_911C_2027.bmp,/content/rl_quantum_2026summer/data/original data/Trajectories/2022-02-04/361_RR220204A_947C_2156.bmp,3,1.0
Trajectories/2022-04-11/383_RR220411A_597C_1941.bmp,383_RR220411A_597C_1941.bmp,Trajectories/2022-02-04/097_RR220204A_405C_1727.bmp,097_RR220204A_405C_1727.bmp,c(6 x 2),1,SY,,2025-12-23T22:35:07.180457,259.0,240.0,Confident,c(6 x 2),Trajectories/2022-02-04/097_RR220204A_405C_1727.bmp || Trajectories/2022-04-11/383_RR220411A_597C_1941.bmp,/content/rl_quantum_2026summer/data/original data/Trajectories/2022-04-11/383_RR220411A_597C_1941.bmp,/content/rl_quantum_2026summer/data/original data/Trajectories/2022-02-04/097_RR220204A_405C_1727.bmp,2,1.0
Trajectories/2022-04-11/383_RR220411A_597C_1941.bmp,383_RR220411A_597C_1941.bmp,Trajectories/2022-02-04/097_RR220204A_405C_1727.bmp,097_RR220204A_405C_1727.bmp,(√13 x √13),1,SY,,2025-12-23T22:35:08.622839,259.0,240.0,Confident,(√13 x √13),Trajectories/2022-02-04/097_RR220204A_405C_1727.bmp || Trajectories/2022-04-11/383_RR220411A_597C_1941.bmp,/content/rl_quantum_2026summer/data/original data/Trajectories/2022-04-11/383_RR220411A_597C_1941.bmp,/content/rl_quantum_2026summer/data/original data/Trajectories/2022-02-04/097_RR220204A_405C_1727.bmp,3,1.0
Trajectories/2022-04-11/383_RR220411A_597C_1941.bmp,383_RR220411A_597C_1941.bmp,Trajectories/2022-02-04/097_RR220204A_405C_1727.bmp,097_RR220204A_405C_1727.bmp,Twinned(2 x 1),2,SY,,2025-12-23T22:35:10.000147,259.0,240.0,Confident,Twinned(2 x 1),Trajectories/2022-02-04/097_RR220204A_405C_1727.bmp || Trajectories/2022-04-11/383_RR220411A_597C_1941.bmp,/content/rl_quantum_2026summer/data/original data/Trajectories/2022-04-11/383_RR220411A_597C_1941.bmp,/content/rl_quantum_2026summer/data/original data/Trajectories/2022-02-04/097_RR220204A_405C_1727.bmp,1,1.0
Trajectories/2022-04-11/383_RR220411A_597C_1941.bmp,383_RR220411A_597C_1941.bmp,Trajectories/2022-02-04/097_RR220204A_405C_1727.bmp,097_RR220204A_405C_1727.bmp,HTR,not_apply,SY,,2025-12-23T22:35:11.299926,259.0,240.0,Confident,HTR,Trajectories/2022-02-04/097_RR220204A_405C_1727.bmp || Trajectories/2022-04-11/383_RR220411A_597C_1941.bmp,/content/rl_quantum_2026summer/data/original data/Trajectories/2022-04-11/383_RR220411A_597C_1941.bmp,/content/rl_quantum_2026summer/data/original data/Trajectories/2022-02-04/097_RR220204A_405C_1727.bmp,4,1.0
Trajectories/2022-04-11/383_RR220411A_597C_1941.bmp,383_RR220411A_597C_1941.bmp,Trajectories/2022-02-04/097_RR220204A_405C_1727.bmp,097_RR220204A_405C_1727.bmp,(1 x 1),1,SY,,2025-12-23T22:35:12.659627,259.0,240.0,Confident,(1 x 1),Trajectories/2022-02-04/097_RR220204A_405C_1727.bmp || Trajectories/2022-04-11/383_RR220411A_597C_1941.bmp,/content/rl_quantum_2026summer/data/original data/Trajectories/2022-04-11/383_RR220411A_597C_1941.bmp,/content/rl_quantum_2026summer/data/original data/Trajectories/2022-02-04/097_RR220204A_405C_1727.bmp,0,1.0
Trajectories/2022-02-04/242_RR220204A_720C_1911.bmp,242_RR220204A_720C_1911.bmp,Trajectories/2022-02-04/029_RR220204A_808C_0135.bmp,029_RR220204A_808C_0135.bmp,(√13 x √13),tie,Jiangang,,2026-01-05T15:52:33.769721,309.0,298.0,Confident,(√13 x √13),Trajectories/2022-02-04/029_RR220204A_808C_0135.bmp || Trajectories/2022-02-04/242_RR220204A_720C_1911.bmp,/content/rl_quantum_2026summer/data/original data/Trajectories/2022-02-04/242_RR220204A_720C_1911.bmp,/content/rl_quantum_2026summer/data/original data/Trajectories/2022-02-04/029_RR220204A_808C_0135.bmp,3,1.0
Trajectories/2022-02-04/242_RR220204A_720C_1911.bmp,242_RR220204A_720C_1911.bmp,Trajectories/2022-02-04/029_RR220204A_808C_0135.bmp,029_RR220204A_808C_0135.bmp,(1 x 1),not_apply,Jiangang,,2026-01-05T15:52:34.903693,309.0,298.0,Confident,(1 x 1),Trajectories/2022-02-04/029_RR220204A_808C_0135.bmp || Trajectories/2022-02-04/242_RR220204A_720C_1911.bmp,/content/rl_quantum_2026summer/data/original data/Trajectories/2022-02-04/242_RR220204A_720C_1911.bmp,/content/rl_quantum_2026summer/data/original data/Trajectories/2022-02-04/029_RR220204A_808C_0135.bmp,0,1.0
Trajectories/2022-02-04/242_RR220204A_720C_1911.bmp,242_RR220204A_720C_1911.bmp,Trajectories/2022-02-04/029_RR220204A_808C_0135.bmp,029_RR220204A_808C_0135.bmp,HTR,not_apply,Jiangang,,2026-01-05T15:52:36.151160,309.0,298.0,Confident,HTR,Trajectories/2022-02-04/029_RR220204A_808C_0135.bmp || Trajectories/2022-02-04/242_RR220204A_720C_1911.bmp,/content/rl_quantum_2026summer/data/original data/Trajectories/2022-02-04/242_RR220204A_720C_1911.bmp,/content/rl_quantum_2026summer/data/original data/Trajectories/2022-02-04/029_RR220204A_808C_0135.bmp,4,1.0
Trajectories/2022-02-04/242_RR220204A_720C_1911.bmp,242_RR220204A_720C_1911.bmp,Trajectories/2022-02-04/029_RR220204A_808C_0135.bmp,029_RR220204A_808C_0135.bmp,Twinned(2 x 1),tie,Jiangang,,2026-01-05T15:52:37.008933,309.0,298.0,Confident,Twinned(2 x 1),Trajectories/2022-02-04/029_RR220204A_808C_0135.bmp || Trajectories/2022-02-04/242_RR220204A_720C_1911.bmp,/content/rl_quantum_2026summer/data/original data/Trajectories/2022-02-04/242_RR220204A_720C_1911.bmp,/content/rl_quantum_2026summer/data/original data/Trajectories/2022-02-04/029_RR220204A_808C_0135.bmp,1,1.0
Trajectories/2022-02-04/242_RR220204A_720C_1911.bmp,242_RR220204A_720C_1911.bmp,Trajectories/2022-02-04/029_RR220204A_808C_0135.bmp,029_RR220204A_808C_0135.bmp,c(6 x 2),not_apply,Jiangang,,2026-01-05T15:52:37.900160,309.0,298.0,Confident,c(6 x 2),Trajectories/2022-02-04/029_RR220204A_808C_0135.bmp || Trajectories/2022-02-04/242_RR220204A_720C_1911.bmp,/content/rl_quantum_2026summer/data/original data/Trajectories/2022-02-04/242_RR220204A_720C_1911.bmp,/content/rl_quantum_2026summer/data/original data/Trajectories/2022-02-04/029_RR220204A_808C_0135.bmp,2,1.0
Trajectories/2022-02-06/250_RR220206A_621C_2212.bmp,250_RR220206A_621C_2212.bmp,Trajectories/2022-02-04/317_RR220204A_935C_2033.bmp,317_RR220204A_935C_2033.bmp,HTR,1,HL,,2026-01-05T23:29:55.873505,276.0,400.0,Confident,HTR,Trajectories/2022-02-04/317_RR220204A_935C_2033.bmp || Trajectories/2022-02-06/250_RR220206A_621C_2212.bmp,/content/rl_quantum_2026summer/data/original data/Trajectories/2022-02-06/250_RR220206A_621C_2212.bmp,/content/rl_quantum_2026summer/data/original data/Trajectories/2022-02-04/317_RR220204A_935C_2033.bmp,4,1.0
Trajectories/2022-02-06/250_RR220206A_621C_2212.bmp,250_RR220206A_621C_2212.bmp,Trajectories/2022-02-04/317_RR220204A_935C_2033.bmp,317_RR220204A_935C_2033.bmp,(1 x 1),1,HL,,2026-01-05T23:29:57.123074,276.0,400.0,Confident,(1 x 1),Trajectories/2022-02-04/317_RR220204A_935C_2033.bmp || Trajectories/2022-02-06/250_RR220206A_621C_2212.bmp,/content/rl_quantum_2026summer/data/original data/Trajectories/2022-02-06/250_RR220206A_621C_2212.bmp,/content/rl_quantum_2026summer/data/original data/Trajectories/2022-02-04/317_RR220204A_935C_2033.bmp,0,1.0
Trajectories/2022-02-06/250_RR220206A_621C_2212.bmp,250_RR220206A_621C_2212.bmp,Trajectories/2022-02-04/317_RR220204A_935C_2033.bmp,317_RR220204A_935C_2033.bmp,(√13 x √13),2,HL,,2026-01-05T23:29:58.104495,276.0,400.0,Confident,(√13 x √13),Trajectories/2022-02-04/317_RR220204A_935C_2033.bmp || Trajectories/2022-02-06/250_RR220206A_621C_2212.bmp,/content/rl_quantum_2026summer/data/original data/Trajectories/2022-02-06/250_RR220206A_621C_2212.bmp,/content/rl_quantum_2026summer/data/original data/Trajectories/2022-02-04/317_RR220204A_935C_2033.bmp,3,1.0
Trajectories/2022-02-06/250_RR220206A_621C_2212.bmp,250_RR220206A_621C_2212.bmp,Trajectories/2022-02-04/317_RR220204A_935C_2033.bmp,317_RR220204A_935C_2033.bmp,Twinned(2 x 1),2,HL,,2026-01-05T23:29:59.115569,276.0,400.0,Confident,Twinned(2 x 1),Trajectories/2022-02-04/317_RR220204A_935C_2033.bmp || Trajectories/2022-02-06/250_RR220206A_621C_2212.bmp,/content/rl_quantum_2026summer/data/original data/Trajectories/2022-02-06/250_RR220206A_621C_2212.bmp,/content/rl_quantum_2026summer/data/original data/Trajectories/2022-02-04/317_RR220204A_935C_2033.bmp,1,1.0
Trajectories/2022-02-06/250_RR220206A_621C_2212.bmp,250_RR220206A_621C_2212.bmp,Trajectories/2022-02-04/317_RR220204A_935C_2033.bmp,317_RR220204A_935C_2033.bmp,c(6 x 2),not_apply,HL,,2026-01-05T23:30:00.072934,276.0,400.0,Confident,c(6 x 2),Trajectories/2022-02-04/317_RR220204A_935C_2033.bmp || Trajectories/2022-02-06/250_RR220206A_621C_2212.bmp,/content/rl_quantum_2026summer/data/original data/Trajectories/2022-02-06/250_RR220206A_621C_2212.bmp,/content/rl_quantum_2026summer/data/original data/Trajectories/2022-02-04/317_RR220204A_935C_2033.bmp,2,1.0
Trajectories/2022-02-04/334_RR220204A_939C_2101.bmp,334_RR220204A_939C_2101.bmp,Trajectories/2022-04-11/386_RR220411A_580C_1943.bmp,386_RR220411A_580C_1943.bmp,(√13 x √13),2,HL,,2025-12-15T21:05:38.049744,,,,(√13 x √13),Trajectories/2022-02-04/334_RR220204A_939C_2101.bmp || Trajectories/2022-04-11/386_RR220411A_580C_1943.bmp,/content/rl_quantum_2026summer/data/original data/Trajectories/2022-02-04/334_RR220204A_939C_2101.bmp,/content/rl_quantum_2026summer/data/original data/Trajectories/2022-04-11/386_RR220411A_580C_1943.bmp,3,1.0
Trajectories/2022-02-04/334_RR220204A_939C_2101.bmp,334_RR220204A_939C_2101.bmp,Trajectories/2022-04-11/386_RR220411A_580C_1943.bmp,386_RR220411A_580C_1943.bmp,Twinned(2 x 1),1,HL,,2025-12-15T21:05:39.303491,,,,Twinned(2 x 1),Trajectories/2022-02-04/334_RR220204A_939C_2101.bmp || Trajectories/2022-04-11/386_RR220411A_580C_1943.bmp,/content/rl_quantum_2026summer/data/original data/Trajectories/2022-02-04/334_RR220204A_939C_2101.bmp,/content/rl_quantum_2026summer/data/original data/Trajectories/2022-04-11/386_RR220411A_580C_1943.bmp,1,1.0
Trajectories/2022-02-04/334_RR220204A_939C_2101.bmp,334_RR220204A_939C_2101.bmp,Trajectories/2022-04-11/386_RR220411A_580C_1943.bmp,386_RR220411A_580C_1943.bmp,(1 x 1),not_apply,HL,,2025-12-15T21:05:40.524589,,,,(1 x 1),Trajectories/2022-02-04/334_RR220204A_939C_2101.bmp || Trajectories/2022-04-11/386_RR220411A_580C_1943.bmp,/content/rl_quantum_2026summer/data/original data/Trajectories/2022-02-04/334_RR220204A_939C_2101.bmp,/content/rl_quantum_2026summer/data/original data/Trajectories/2022-04-11/386_RR220411A_580C_1943.bmp,0,1.0
Trajectories/2022-02-04/334_RR220204A_939C_2101.bmp,334_RR220204A_939C_2101.bmp,Trajectories/2022-04-11/386_RR220411A_580C_1943.bmp,386_RR220411A_580C_1943.bmp,c(6 x 2),2,HL,,2025-12-15T21:05:41.574937,,,,c(6 x 2),Trajectories/2022-02-04/334_RR220204A_939C_2101.bmp || Trajectories/2022-04-11/386_RR220411A_580C_1943.bmp,/content/rl_quantum_2026summer/data/original data/Trajectories/2022-02-04/334_RR220204A_939C_2101.bmp,/content/rl_quantum_2026summer/data/original data/Trajectories/2022-04-11/386_RR220411A_580C_1943.bmp,2,1.0
Trajectories/2022-02-04/334_RR220204A_939C_2101.bmp,334_RR220204A_939C_2101.bmp,Trajectories/2022-04-11/386_RR220411A_580C_1943.bmp,386_RR220411A_580C_1943.bmp,HTR,not_apply,HL,,2025-12-15T21:05:42.633171,,,,HTR,Trajectories/2022-02-04/334_RR220204A_939C_2101.bmp || Trajectories/2022-04-11/386_RR220411A_580C_1943.bmp,/content/rl_quantum_2026summer/data/original data/Trajectories/2022-02-04/334_RR220204A_939C_2101.bmp,/content/rl_quantum_2026summer/data/original data/Trajectories/2022-04-11/386_RR220411A_580C_1943.bmp,4,1.0
Trajectories/2022-04-11/183_RR220411A_794C_1655.bmp,183_RR220411A_794C_1655.bmp,Trajectories/2022-02-04/048_RR220204A_245C_0201.bmp,048_RR220204A_245C_0201.bmp,(√13 x √13),2,SY,,2025-12-10T16:56:27.896724,,,,(√13 x √13),Trajectories/2022-02-04/048_RR220204A_245C_0201.bmp || Trajectories/2022-04-11/183_RR220411A_794C_1655.bmp,/content/rl_quantum_2026summer/data/original data/Trajectories/2022-04-11/183_RR220411A_794C_1655.bmp,/content/rl_quantum_2026summer/data/original data/Trajectories/2022-02-04/048_RR220204A_245C_0201.bmp,3,1.0
Trajectories/2022-04-11/183_RR220411A_794C_1655.bmp,183_RR220411A_794C_1655.bmp,Trajectories/2022-02-04/048_RR220204A_245C_0201.bmp,048_RR220204A_245C_0201.bmp,c(6 x 2),not_apply,SY,,2025-12-10T16:56:28.616269,,,,c(6 x 2),Trajectories/2022-02-04/048_RR220204A_245C_0201.bmp || Trajectories/2022-04-11/183_RR220411A_794C_1655.bmp,/content/rl_quantum_2026summer/data/original data/Trajectories/2022-04-11/183_RR220411A_794C_1655.bmp,/content/rl_quantum_2026summer/data/original data/Trajectories/2022-02-04/048_RR220204A_245C_0201.bmp,2,1.0
Trajectories/2022-04-11/183_RR220411A_794C_1655.bmp,183_RR220411A_794C_1655.bmp,Trajectories/2022-02-04/048_RR220204A_245C_0201.bmp,048_RR220204A_245C_0201.bmp,(1 x 1),2,SY,,2025-12-10T16:56:29.359621,,,,(1 x 1),Trajectories/2022-02-04/048_RR220204A_245C_0201.bmp || Trajectories/2022-04-11/183_RR220411A_794C_1655.bmp,/content/rl_quantum_2026summer/data/original data/Trajectories/2022-04-11/183_RR220411A_794C_1655.bmp,/content/rl_quantum_2026summer/data/original data/Trajectories/2022-02-04/048_RR220204A_245C_0201.bmp,0,1.0
Trajectories/2022-04-11/183_RR220411A_794C_1655.bmp,183_RR220411A_794C_1655.bmp,Trajectories/2022-02-04/048_RR220204A_245C_0201.bmp,048_RR220204A_245C_0201.bmp,HTR,not_apply,SY,,2025-12-10T16:56:30.137612,,,,HTR,Trajectories/2022-02-04/048_RR220204A_245C_0201.bmp || Trajectories/2022-04-11/183_RR220411A_794C_1655.bmp,/content/rl_quantum_2026summer/data/original data/Trajectories/2022-04-11/183_RR220411A_794C_1655.bmp,/content/rl_quantum_2026summer/data/original data/Trajectories/2022-02-04/048_RR220204A_245C_0201.bmp,4,1.0
Trajectories/2022-04-11/183_RR220411A_794C_1655.bmp,183_RR220411A_794C_1655.bmp,Trajectories/2022-02-04/048_RR220204A_245C_0201.bmp,048_RR220204A_245C_0201.bmp,Twinned(2 x 1),2,SY,,2025-12-10T16:56:31.277603,,,,Twinned(2 x 1),Trajectories/2022-02-04/048_RR220204A_245C_0201.bmp || Trajectories/2022-04-11/183_RR220411A_794C_1655.bmp,/content/rl_quantum_2026summer/data/original data/Trajectories/2022-04-11/183_RR220411A_794C_1655.bmp,/content/rl_quantum_2026summer/data/original data/Trajectories/2022-02-04/048_RR220204A_245C_0201.bmp,1,1.0
Trajectories/2022-02-04/261_RR220204A_790C_1930.bmp,261_RR220204A_790C_1930.bmp,Trajectories/2022-02-04/024_RR220204A_927C_0130.bmp,024_RR220204A_927C_0130.bmp,HTR,not_apply,SY,,2025-12-14 08:53:40,,,,HTR,Trajectories/2022-02-04/024_RR220204A_927C_0130.bmp || Trajectories/2022-02-04/261_RR220204A_790C_1930.bmp,/content/rl_quantum_2026summer/data/original data/Trajectories/2022-02-04/261_RR220204A_790C_1930.bmp,/content/rl_quantum_2026summer/data/original data/Trajectories/2022-02-04/024_RR220204A_927C_0130.bmp,4,1.0
Trajectories/2022-02-04/261_RR220204A_790C_1930.bmp,261_RR220204A_790C_1930.bmp,Trajectories/2022-02-04/024_RR220204A_927C_0130.bmp,024_RR220204A_927C_0130.bmp,Twinned(2 x 1),tie,SY,,2025-12-14 08:53:40,,,,Twinned(2 x 1),Trajectories/2022-02-04/024_RR220204A_927C_0130.bmp || Trajectories/2022-02-04/261_RR220204A_790C_1930.bmp,/content/rl_quantum_2026summer/data/original data/Trajectories/2022-02-04/261_RR220204A_790C_1930.bmp,/content/rl_quantum_2026summer/data/original data/Trajectories/2022-02-04/024_RR220204A_927C_0130.bmp,1,1.0
Trajectories/2022-02-04/261_RR220204A_790C_1930.bmp,261_RR220204A_790C_1930.bmp,Trajectories/2022-02-04/024_RR220204A_927C_0130.bmp,024_RR220204A_927C_0130.bmp,c(6 x 2),not_apply,SY,,2025-12-14 08:53:40,,,,c(6 x 2),Trajectories/2022-02-04/024_RR220204A_927C_0130.bmp || Trajectories/2022-02-04/261_RR220204A_790C_1930.bmp,/content/rl_quantum_2026summer/data/original data/Trajectories/2022-02-04/261_RR220204A_790C_1930.bmp,/content/rl_quantum_2026summer/data/original data/Trajectories/2022-02-04/024_RR220204A_927C_0130.bmp,2,1.0
Trajectories/2022-02-04/261_RR220204A_790C_1930.bmp,261_RR220204A_790C_1930.bmp,Trajectories/2022-02-04/024_RR220204A_927C_0130.bmp,024_RR220204A_927C_0130.bmp,(1 x 1),2,SY,,2025-12-14 08:53:40,,,,(1 x 1),Trajectories/2022-02-04/024_RR220204A_927C_0130.bmp || Trajectories/2022-02-04/261_RR220204A_790C_1930.bmp,/content/rl_quantum_2026summer/data/original data/Trajectories/2022-02-04/261_RR220204A_790C_1930.bmp,/content/rl_quantum_2026summer/data/original data/Trajectories/2022-02-04/024_RR220204A_927C_0130.bmp,0,1.0
Trajectories/2022-02-04/296_RR220204A_869C_2015.bmp,296_RR220204A_869C_2015.bmp,Trajectories/2022-04-11/009_RR220411A_206C_1423.bmp,009_RR220411A_206C_1423.bmp,(1 x 1),2,AJ,,2025-12-12T00:20:43.071402,,,,(1 x 1),Trajectories/2022-02-04/296_RR220204A_869C_2015.bmp || Trajectories/2022-04-11/009_RR220411A_206C_1423.bmp,/content/rl_quantum_2026summer/data/original data/Trajectories/2022-02-04/296_RR220204A_869C_2015.bmp,/content/rl_quantum_2026summer/data/original data/Trajectories/2022-04-11/009_RR220411A_206C_1423.bmp,0,1.0
Trajectories/2022-02-04/296_RR220204A_869C_2015.bmp,296_RR220204A_869C_2015.bmp,Trajectories/2022-04-11/009_RR220411A_206C_1423.bmp,009_RR220411A_206C_1423.bmp,(√13 x √13),1,AJ,,2025-12-12T00:20:44.010217,,,,(√13 x √13),Trajectories/2022-02-04/296_RR220204A_869C_2015.bmp || Trajectories/2022-04-11/009_RR220411A_206C_1423.bmp,/content/rl_quantum_2026summer/data/original data/Trajectories/2022-02-04/296_RR220204A_869C_2015.bmp,/content/rl_quantum_2026summer/data/original data/Trajectories/2022-04-11/009_RR220411A_206C_1423.bmp,3,1.0
Trajectories/2022-02-06/068_RR220206A_362C_1759.bmp,068_RR220206A_362C_1759.bmp,Trajectories/2022-04-11/075_RR220411A_440C_1519.bmp,075_RR220411A_440C_1519.bmp,(1 x 1),2,SY,,2025-12-23T22:34:37.509154,252.0,251.0,Confident,(1 x 1),Trajectories/2022-02-06/068_RR220206A_362C_1759.bmp || Trajectories/2022-04-11/075_RR220411A_440C_1519.bmp,/content/rl_quantum_2026summer/data/original data/Trajectories/2022-02-06/068_RR220206A_362C_1759.bmp,/content/rl_quantum_2026summer/data/original data/Trajectories/2022-04-11/075_RR220411A_440C_1519.bmp,0,1.0
Trajectories/2022-02-06/068_RR220206A_362C_1759.bmp,068_RR220206A_362C_1759.bmp,Trajectories/2022-04-11/075_RR220411A_440C_1519.bmp,075_RR220411A_440C_1519.bmp,HTR,not_apply,SY,,2025-12-23T22:34:38.747588,252.0,251.0,Confident,HTR,Trajectories/2022-02-06/068_RR220206A_362C_1759.bmp || Trajectories/2022-04-11/075_RR220411A_440C_1519.bmp,/content/rl_quantum_2026summer/data/original data/Trajectories/2022-02-06/068_RR220206A_362C_1759.bmp,/content/rl_quantum_2026summer/data/original data/Trajectories/2022-04-11/075_RR220411A_440C_1519.bmp,4,1.0
Trajectories/2022-02-06/068_RR220206A_362C_1759.bmp,068_RR220206A_362C_1759.bmp,Trajectories/2022-04-11/075_RR220411A_440C_1519.bmp,075_RR220411A_440C_1519.bmp,Twinned(2 x 1),not_apply,SY,,2025-12-23T22:34:40.121540,252.0,251.0,Confident,Twinned(2 x 1),Trajectories/2022-02-06/068_RR220206A_362C_1759.bmp || Trajectories/2022-04-11/075_RR220411A_440C_1519.bmp,/content/rl_quantum_2026summer/data/original data/Trajectories/2022-02-06/068_RR220206A_362C_1759.bmp,/content/rl_quantum_2026summer/data/original data/Trajectories/2022-04-11/075_RR220411A_440C_1519.bmp,1,1.0
Trajectories/2022-02-06/068_RR220206A_362C_1759.bmp,068_RR220206A_362C_1759.bmp,Trajectories/2022-04-11/075_RR220411A_440C_1519.bmp,075_RR220411A_440C_1519.bmp,(√13 x √13),not_apply,SY,,2025-12-23T22:34:41.420550,252.0,251.0,Confident,(√13 x √13),Trajectories/2022-02-06/068_RR220206A_362C_1759.bmp || Trajectories/2022-04-11/075_RR220411A_440C_1519.bmp,/content/rl_quantum_2026summer/data/original data/Trajectories/2022-02-06/068_RR220206A_362C_1759.bmp,/content/rl_quantum_2026summer/data/original data/Trajectories/2022-04-11/075_RR220411A_440C_1519.bmp,3,1.0
Trajectories/2022-02-06/068_RR220206A_362C_1759.bmp,068_RR220206A_362C_1759.bmp,Trajectories/2022-04-11/075_RR220411A_440C_1519.bmp,075_RR220411A_440C_1519.bmp,c(6 x 2),not_apply,SY,,2025-12-23T22:34:42.520829,252.0,251.0,Confident,c(6 x 2),Trajectories/2022-02-06/068_RR220206A_362C_1759.bmp || Trajectories/2022-04-11/075_RR220411A_440C_1519.bmp,/content/rl_quantum_2026summer/data/original data/Trajectories/2022-02-06/068_RR220206A_362C_1759.bmp,/content/rl_quantum_2026summer/data/original data/Trajectories/2022-04-11/075_RR220411A_440C_1519.bmp,2,1.0
Trajectories/2022-02-04/294_RR220204A_843C_2014.bmp,294_RR220204A_843C_2014.bmp,Trajectories/2022-02-06/140_RR220206A_993C_1941.bmp,140_RR220206A_993C_1941.bmp,(√13 x √13),1,AJ,,2025-12-12T00:11:31.731499,,,,(√13 x √13),Trajectories/2022-02-04/294_RR220204A_843C_2014.bmp || Trajectories/2022-02-06/140_RR220206A_993C_1941.bmp,/content/rl_quantum_2026summer/data/original data/Trajectories/2022-02-04/294_RR220204A_843C_2014.bmp,/content/rl_quantum_2026summer/data/original data/Trajectories/2022-02-06/140_RR220206A_993C_1941.bmp,3,1.0
Trajectories/2022-02-04/294_RR220204A_843C_2014.bmp,294_RR220204A_843C_2014.bmp,Trajectories/2022-02-06/140_RR220206A_993C_1941.bmp,140_RR220206A_993C_1941.bmp,HTR,2,AJ,,2025-12-12T00:11:32.525228,,,,HTR,Trajectories/2022-02-04/294_RR220204A_843C_2014.bmp || Trajectories/2022-02-06/140_RR220206A_993C_1941.bmp,/content/rl_quantum_2026summer/data/original data/Trajectories/2022-02-04/294_RR220204A_843C_2014.bmp,/content/rl_quantum_2026summer/data/original data/Trajectories/2022-02-06/140_RR220206A_993C_1941.bmp,4,1.0
Trajectories/2022-04-11/008_RR220411A_193C_1422.bmp,008_RR220411A_193C_1422.bmp,Trajectories/2022-04-11/093_RR220411A_482C_1531.bmp,093_RR220411A_482C_1531.bmp,Twinned(2 x 1),not_apply,AJ,,2025-12-26T10:55:23.078377,198.0,228.0,Confident,Twinned(2 x 1),Trajectories/2022-04-11/008_RR220411A_193C_1422.bmp || Trajectories/2022-04-11/093_RR220411A_482C_1531.bmp,/content/rl_quantum_2026summer/data/original data/Trajectories/2022-04-11/008_RR220411A_193C_1422.bmp,/content/rl_quantum_2026summer/data/original data/Trajectories/2022-04-11/093_RR220411A_482C_1531.bmp,1,1.0
Trajectories/2022-04-11/008_RR220411A_193C_1422.bmp,008_RR220411A_193C_1422.bmp,Trajectories/2022-04-11/093_RR220411A_482C_1531.bmp,093_RR220411A_482C_1531.bmp,(√13 x √13),not_apply,AJ,,2025-12-26T10:55:24.077545,198.0,228.0,Confident,(√13 x √13),Trajectories/2022-04-11/008_RR220411A_193C_1422.bmp || Trajectories/2022-04-11/093_RR220411A_482C_1531.bmp,/content/rl_quantum_2026summer/data/original data/Trajectories/2022-04-11/008_RR220411A_193C_1422.bmp,/content/rl_quantum_2026summer/data/original data/Trajectories/2022-04-11/093_RR220411A_482C_1531.bmp,3,1.0
Trajectories/2022-04-11/008_RR220411A_193C_1422.bmp,008_RR220411A_193C_1422.bmp,Trajectories/2022-04-11/093_RR220411A_482C_1531.bmp,093_RR220411A_482C_1531.bmp,(1 x 1),tie,AJ,,2025-12-26T10:55:25.025952,198.0,228.0,Confident,(1 x 1),Trajectories/2022-04-11/008_RR220411A_193C_1422.bmp || Trajectories/2022-04-11/093_RR220411A_482C_1531.bmp,/content/rl_quantum_2026summer/data/original data/Trajectories/2022-04-11/008_RR220411A_193C_1422.bmp,/content/rl_quantum_2026summer/data/original data/Trajectories/2022-04-11/093_RR220411A_482C_1531.bmp,0,1.0
Trajectories/2022-04-11/008_RR220411A_193C_1422.bmp,008_RR220411A_193C_1422.bmp,Trajectories/2022-04-11/093_RR220411A_482C_1531.bmp,093_RR220411A_482C_1531.bmp,c(6 x 2),not_apply,AJ,,2025-12-26T10:55:25.873484,198.0,228.0,Confident,c(6 x 2),Trajectories/2022-04-11/008_RR220411A_193C_1422.bmp || Trajectories/2022-04-11/093_RR220411A_482C_1531.bmp,/content/rl_quantum_2026summer/data/original data/Trajectories/2022-04-11/008_RR220411A_193C_1422.bmp,/content/rl_quantum_2026summer/data/original data/Trajectories/2022-04-11/093_RR220411A_482C_1531.bmp,2,1.0
Trajectories/2022-04-11/008_RR220411A_193C_1422.bmp,008_RR220411A_193C_1422.bmp,Trajectories/2022-04-11/093_RR220411A_482C_1531.bmp,093_RR220411A_482C_1531.bmp,HTR,not_apply,AJ,,2025-12-26T10:55:26.802501,198.0,228.0,Confident,HTR,Trajectories/2022-04-11/008_RR220411A_193C_1422.bmp || Trajectories/2022-04-11/093_RR220411A_482C_1531.bmp,/content/rl_quantum_2026summer/data/original data/Trajectories/2022-04-11/008_RR220411A_193C_1422.bmp,/content/rl_quantum_2026summer/data/original data/Trajectories/2022-04-11/093_RR220411A_482C_1531.bmp,4,1.0
Trajectories/2022-04-11/439_RR220411A_330C_2005.bmp,439_RR220411A_330C_2005.bmp,Trajectories/2022-02-04/003_RR220204A_932C_0017.bmp,003_RR220204A_932C_0017.bmp,c(6 x 2),1,HL,,2026-01-06T21:40:19.381737,258.0,257.0,Confident,c(6 x 2),Trajectories/2022-02-04/003_RR220204A_932C_0017.bmp || Trajectories/2022-04-11/439_RR220411A_330C_2005.bmp,/content/rl_quantum_2026summer/data/original data/Trajectories/2022-04-11/439_RR220411A_330C_2005.bmp,/content/rl_quantum_2026summer/data/original data/Trajectories/2022-02-04/003_RR220204A_932C_0017.bmp,2,1.0
Trajectories/2022-04-11/439_RR220411A_330C_2005.bmp,439_RR220411A_330C_2005.bmp,Trajectories/2022-02-04/003_RR220204A_932C_0017.bmp,003_RR220204A_932C_0017.bmp,(√13 x √13),1,HL,,2026-01-06T21:40:20.591934,258.0,257.0,Confident,(√13 x √13),Trajectories/2022-02-04/003_RR220204A_932C_0017.bmp || Trajectories/2022-04-11/439_RR220411A_330C_2005.bmp,/content/rl_quantum_2026summer/data/original data/Trajectories/2022-04-11/439_RR220411A_330C_2005.bmp,/content/rl_quantum_2026summer/data/original data/Trajectories/2022-02-04/003_RR220204A_932C_0017.bmp,3,1.0
Trajectories/2022-04-11/439_RR220411A_330C_2005.bmp,439_RR220411A_330C_2005.bmp,Trajectories/2022-02-04/003_RR220204A_932C_0017.bmp,003_RR220204A_932C_0017.bmp,Twinned(2 x 1),2,HL,,2026-01-06T21:40:21.488602,258.0,257.0,Confident,Twinned(2 x 1),Trajectories/2022-02-04/003_RR220204A_932C_0017.bmp || Trajectories/2022-04-11/439_RR220411A_330C_2005.bmp,/content/rl_quantum_2026summer/data/original data/Trajectories/2022-04-11/439_RR220411A_330C_2005.bmp,/content/rl_quantum_2026summer/data/original data/Trajectories/2022-02-04/003_RR220204A_932C_0017.bmp,1,1.0
Trajectories/2022-04-11/439_RR220411A_330C_2005.bmp,439_RR220411A_330C_2005.bmp,Trajectories/2022-02-04/003_RR220204A_932C_0017.bmp,003_RR220204A_932C_0017.bmp,HTR,not_apply,HL,,2026-01-06T21:40:22.350885,258.0,257.0,Confident,HTR,Trajectories/2022-02-04/003_RR220204A_932C_0017.bmp || Trajectories/2022-04-11/439_RR220411A_330C_2005.bmp,/content/rl_quantum_2026summer/data/original data/Trajectories/2022-04-11/439_RR220411A_330C_2005.bmp,/content/rl_quantum_2026summer/data/original data/Trajectories/2022-02-04/003_RR220204A_932C_0017.bmp,4,1.0
Trajectories/2022-04-11/439_RR220411A_330C_2005.bmp,439_RR220411A_330C_2005.bmp,Trajectories/2022-02-04/003_RR220204A_932C_0017.bmp,003_RR220204A_932C_0017.bmp,(1 x 1),2,HL,,2026-01-06T21:40:23.086599,258.0,257.0,Confident,(1 x 1),Trajectories/2022-02-04/003_RR220204A_932C_0017.bmp || Trajectories/2022-04-11/439_RR220411A_330C_2005.bmp,/content/rl_quantum_2026summer/data/original data/Trajectories/2022-04-11/439_RR220411A_330C_2005.bmp,/content/rl_quantum_2026summer/data/original data/Trajectories/2022-02-04/003_RR220204A_932C_0017.bmp,0,1.0
Trajectories/2022-02-06/273_RR220206A_423C_2243.bmp,273_RR220206A_423C_2243.bmp,Trajectories/2022-04-11/093_RR220411A_482C_1531.bmp,093_RR220411A_482C_1531.bmp,(1 x 1),2,SY,,2025-12-12T22:07:21.588392,,,,(1 x 1),Trajectories/2022-02-06/273_RR220206A_423C_2243.bmp || Trajectories/2022-04-11/093_RR220411A_482C_1531.bmp,/content/rl_quantum_2026summer/data/original data/Trajectories/2022-02-06/273_RR220206A_423C_2243.bmp,/content/rl_quantum_2026summer/data/original data/Trajectories/2022-04-11/093_RR220411A_482C_1531.bmp,0,1.0
Trajectories/2022-02-06/273_RR220206A_423C_2243.bmp,273_RR220206A_423C_2243.bmp,Trajectories/2022-04-11/093_RR220411A_482C_1531.bmp,093_RR220411A_482C_1531.bmp,Twinned(2 x 1),not_apply,SY,,2025-12-12T22:07:23.277141,,,,Twinned(2 x 1),Trajectories/2022-02-06/273_RR220206A_423C_2243.bmp || Trajectories/2022-04-11/093_RR220411A_482C_1531.bmp,/content/rl_quantum_2026summer/data/original data/Trajectories/2022-02-06/273_RR220206A_423C_2243.bmp,/content/rl_quantum_2026summer/data/original data/Trajectories/2022-04-11/093_RR220411A_482C_1531.bmp,1,1.0
Trajectories/2022-02-06/273_RR220206A_423C_2243.bmp,273_RR220206A_423C_2243.bmp,Trajectories/2022-04-11/093_RR220411A_482C_1531.bmp,093_RR220411A_482C_1531.bmp,HTR,1,SY,,2025-12-12T22:07:24.436931,,,,HTR,Trajectories/2022-02-06/273_RR220206A_423C_2243.bmp || Trajectories/2022-04-11/093_RR220411A_482C_1531.bmp,/content/rl_quantum_2026summer/data/original data/Trajectories/2022-02-06/273_RR220206A_423C_2243.bmp,/content/rl_quantum_2026summer/data/original data/Trajectories/2022-04-11/093_RR220411A_482C_1531.bmp,4,1.0
Trajectories/2022-02-06/273_RR220206A_423C_2243.bmp,273_RR220206A_423C_2243.bmp,Trajectories/2022-04-11/093_RR220411A_482C_1531.bmp,093_RR220411A_482C_1531.bmp,c(6 x 2),1,SY,,2025-12-12T22:07:25.752354,,,,c(6 x 2),Trajectories/2022-02-06/273_RR220206A_423C_2243.bmp || Trajectories/2022-04-11/093_RR220411A_482C_1531.bmp,/content/rl_quantum_2026summer/data/original data/Trajectories/2022-02-06/273_RR220206A_423C_2243.bmp,/content/rl_quantum_2026summer/data/original data/Trajectories/2022-04-11/093_RR220411A_482C_1531.bmp,2,1.0
Trajectories/2022-02-06/273_RR220206A_423C_2243.bmp,273_RR220206A_423C_2243.bmp,Trajectories/2022-04-11/093_RR220411A_482C_1531.bmp,093_RR220411A_482C_1531.bmp,(√13 x √13),not_apply,SY,,2025-12-12T22:07:26.949242,,,,(√13 x √13),Trajectories/2022-02-06/273_RR220206A_423C_2243.bmp || Trajectories/2022-04-11/093_RR220411A_482C_1531.bmp,/content/rl_quantum_2026summer/data/original data/Trajectories/2022-02-06/273_RR220206A_423C_2243.bmp,/content/rl_quantum_2026summer/data/original data/Trajectories/2022-04-11/093_RR220411A_482C_1531.bmp,3,1.0
Trajectories/2022-02-06/058_RR220206A_249C_1745.bmp,058_RR220206A_249C_1745.bmp,Trajectories/2022-04-11/178_RR220411A_774C_1649.bmp,178_RR220411A_774C_1649.bmp,(1 x 1),2,AJ,,2025-12-06 01:18:28,,,,(1 x 1),Trajectories/2022-02-06/058_RR220206A_249C_1745.bmp || Trajectories/2022-04-11/178_RR220411A_774C_1649.bmp,/content/rl_quantum_2026summer/data/original data/Trajectories/2022-02-06/058_RR220206A_249C_1745.bmp,/content/rl_quantum_2026summer/data/original data/Trajectories/2022-04-11/178_RR220411A_774C_1649.bmp,0,1.0
Trajectories/2022-04-11/183_RR220411A_794C_1655.bmp,183_RR220411A_794C_1655.bmp,Trajectories/2022-04-11/226_RR220411A_873C_1725.bmp,226_RR220411A_873C_1725.bmp,c(6 x 2),2,SY,,2025-12-10T17:02:15.862234,,,,c(6 x 2),Trajectories/2022-04-11/183_RR220411A_794C_1655.bmp || Trajectories/2022-04-11/226_RR220411A_873C_1725.bmp,/content/rl_quantum_2026summer/data/original data/Trajectories/2022-04-11/183_RR220411A_794C_1655.bmp,/content/rl_quantum_2026summer/data/original data/Trajectories/2022-04-11/226_RR220411A_873C_1725.bmp,2,1.0
Trajectories/2022-04-11/183_RR220411A_794C_1655.bmp,183_RR220411A_794C_1655.bmp,Trajectories/2022-04-11/226_RR220411A_873C_1725.bmp,226_RR220411A_873C_1725.bmp,(√13 x √13),2,SY,,2025-12-10T17:02:16.573074,,,,(√13 x √13),Trajectories/2022-04-11/183_RR220411A_794C_1655.bmp || Trajectories/2022-04-11/226_RR220411A_873C_1725.bmp,/content/rl_quantum_2026summer/data/original data/Trajectories/2022-04-11/183_RR220411A_794C_1655.bmp,/content/rl_quantum_2026summer/data/original data/Trajectories/2022-04-11/226_RR220411A_873C_1725.bmp,3,1.0
Trajectories/2022-04-11/183_RR220411A_794C_1655.bmp,183_RR220411A_794C_1655.bmp,Trajectories/2022-04-11/226_RR220411A_873C_1725.bmp,226_RR220411A_873C_1725.bmp,(1 x 1),tie,SY,,2025-12-10T17:02:17.241921,,,,(1 x 1),Trajectories/2022-04-11/183_RR220411A_794C_1655.bmp || Trajectories/2022-04-11/226_RR220411A_873C_1725.bmp,/content/rl_quantum_2026summer/data/original data/Trajectories/2022-04-11/183_RR220411A_794C_1655.bmp,/content/rl_quantum_2026summer/data/original data/Trajectories/2022-04-11/226_RR220411A_873C_1725.bmp,0,1.0
Trajectories/2022-04-11/183_RR220411A_794C_1655.bmp,183_RR220411A_794C_1655.bmp,Trajectories/2022-04-11/226_RR220411A_873C_1725.bmp,226_RR220411A_873C_1725.bmp,Twinned(2 x 1),not_apply,SY,,2025-12-10T17:02:17.909252,,,,Twinned(2 x 1),Trajectories/2022-04-11/183_RR220411A_794C_1655.bmp || Trajectories/2022-04-11/226_RR220411A_873C_1725.bmp,/content/rl_quantum_2026summer/data/original data/Trajectories/2022-04-11/183_RR220411A_794C_1655.bmp,/content/rl_quantum_2026summer/data/original data/Trajectories/2022-04-11/226_RR220411A_873C_1725.bmp,1,1.0
Trajectories/2022-04-11/183_RR220411A_794C_1655.bmp,183_RR220411A_794C_1655.bmp,Trajectories/2022-04-11/226_RR220411A_873C_1725.bmp,226_RR220411A_873C_1725.bmp,HTR,not_apply,SY,,2025-12-10T17:02:18.571634,,,,HTR,Trajectories/2022-04-11/183_RR220411A_794C_1655.bmp || Trajectories/2022-04-11/226_RR220411A_873C_1725.bmp,/content/rl_quantum_2026summer/data/original data/Trajectories/2022-04-11/183_RR220411A_794C_1655.bmp,/content/rl_quantum_2026summer/data/original data/Trajectories/2022-04-11/226_RR220411A_873C_1725.bmp,4,1.0
Trajectories/2022-02-04/239_RR220204A_720C_1910.bmp,239_RR220204A_720C_1910.bmp,Trajectories/2022-04-11/154_RR220411A_696C_1624.bmp,154_RR220411A_696C_1624.bmp,(1 x 1),2,AJ,,2025-12-12T00:11:14.363974,,,,(1 x 1),Trajectories/2022-02-04/239_RR220204A_720C_1910.bmp || Trajectories/2022-04-11/154_RR220411A_696C_1624.bmp,/content/rl_quantum_2026summer/data/original data/Trajectories/2022-02-04/239_RR220204A_720C_1910.bmp,/content/rl_quantum_2026summer/data/original data/Trajectories/2022-04-11/154_RR220411A_696C_1624.bmp,0,1.0
Trajectories/2022-02-04/239_RR220204A_720C_1910.bmp,239_RR220204A_720C_1910.bmp,Trajectories/2022-04-11/154_RR220411A_696C_1624.bmp,154_RR220411A_696C_1624.bmp,(√13 x √13),1,AJ,,2025-12-12T00:11:15.187347,,,,(√13 x √13),Trajectories/2022-02-04/239_RR220204A_720C_1910.bmp || Trajectories/2022-04-11/154_RR220411A_696C_1624.bmp,/content/rl_quantum_2026summer/data/original data/Trajectories/2022-02-04/239_RR220204A_720C_1910.bmp,/content/rl_quantum_2026summer/data/original data/Trajectories/2022-04-11/154_RR220411A_696C_1624.bmp,3,1.0
Trajectories/2022-04-11/217_RR220411A_857C_1718.bmp,217_RR220411A_857C_1718.bmp,Trajectories/2022-02-06/129_RR220206A_912C_1929.bmp,129_RR220206A_912C_1929.bmp,Twinned(2 x 1),not_apply,SY,,2025-12-23T22:33:31.145573,250.0,265.0,Confident,Twinned(2 x 1),Trajectories/2022-02-06/129_RR220206A_912C_1929.bmp || Trajectories/2022-04-11/217_RR220411A_857C_1718.bmp,/content/rl_quantum_2026summer/data/original data/Trajectories/2022-04-11/217_RR220411A_857C_1718.bmp,/content/rl_quantum_2026summer/data/original data/Trajectories/2022-02-06/129_RR220206A_912C_1929.bmp,1,1.0
Trajectories/2022-04-11/217_RR220411A_857C_1718.bmp,217_RR220411A_857C_1718.bmp,Trajectories/2022-02-06/129_RR220206A_912C_1929.bmp,129_RR220206A_912C_1929.bmp,HTR,not_apply,SY,,2025-12-23T22:33:33.031986,250.0,265.0,Confident,HTR,Trajectories/2022-02-06/129_RR220206A_912C_1929.bmp || Trajectories/2022-04-11/217_RR220411A_857C_1718.bmp,/content/rl_quantum_2026summer/data/original data/Trajectories/2022-04-11/217_RR220411A_857C_1718.bmp,/content/rl_quantum_2026summer/data/original data/Trajectories/2022-02-06/129_RR220206A_912C_1929.bmp,4,1.0
Trajectories/2022-04-11/217_RR220411A_857C_1718.bmp,217_RR220411A_857C_1718.bmp,Trajectories/2022-02-06/129_RR220206A_912C_1929.bmp,129_RR220206A_912C_1929.bmp,(1 x 1),tie,SY,,2025-12-23T22:33:34.473753,250.0,265.0,Confident,(1 x 1),Trajectories/2022-02-06/129_RR220206A_912C_1929.bmp || Trajectories/2022-04-11/217_RR220411A_857C_1718.bmp,/content/rl_quantum_2026summer/data/original data/Trajectories/2022-04-11/217_RR220411A_857C_1718.bmp,/content/rl_quantum_2026summer/data/original data/Trajectories/2022-02-06/129_RR220206A_912C_1929.bmp,0,1.0
Trajectories/2022-04-11/217_RR220411A_857C_1718.bmp,217_RR220411A_857C_1718.bmp,Trajectories/2022-02-06/129_RR220206A_912C_1929.bmp,129_RR220206A_912C_1929.bmp,(√13 x √13),tie,SY,,2025-12-23T22:33:35.800721,250.0,265.0,Confident,(√13 x √13),Trajectories/2022-02-06/129_RR220206A_912C_1929.bmp || Trajectories/2022-04-11/217_RR220411A_857C_1718.bmp,/content/rl_quantum_2026summer/data/original data/Trajectories/2022-04-11/217_RR220411A_857C_1718.bmp,/content/rl_quantum_2026summer/data/original data/Trajectories/2022-02-06/129_RR220206A_912C_1929.bmp,3,1.0
Trajectories/2022-04-11/217_RR220411A_857C_1718.bmp,217_RR220411A_857C_1718.bmp,Trajectories/2022-02-06/129_RR220206A_912C_1929.bmp,129_RR220206A_912C_1929.bmp,c(6 x 2),tie,SY,,2025-12-23T22:33:37.245925,250.0,265.0,Confident,c(6 x 2),Trajectories/2022-02-06/129_RR220206A_912C_1929.bmp || Trajectories/2022-04-11/217_RR220411A_857C_1718.bmp,/content/rl_quantum_2026summer/data/original data/Trajectories/2022-04-11/217_RR220411A_857C_1718.bmp,/content/rl_quantum_2026summer/data/original data/Trajectories/2022-02-06/129_RR220206A_912C_1929.bmp,2,1.0
Trajectories/2022-04-11/141_RR220411A_656C_1613.bmp,141_RR220411A_656C_1613.bmp,Trajectories/2022-04-11/203_RR220411A_843C_1711-03.bmp,203_RR220411A_843C_1711-03.bmp,(1 x 1),tie,AJ,,2025-12-11T15:20:41.477317,,,,(1 x 1),Trajectories/2022-04-11/141_RR220411A_656C_1613.bmp || Trajectories/2022-04-11/203_RR220411A_843C_1711-03.bmp,/content/rl_quantum_2026summer/data/original data/Trajectories/2022-04-11/141_RR220411A_656C_1613.bmp,/content/rl_quantum_2026summer/data/original data/Trajectories/2022-04-11/203_RR220411A_843C_1711-03.bmp,0,1.0
Trajectories/2022-02-04/319_RR220204A_918C_2037.bmp,319_RR220204A_918C_2037.bmp,Trajectories/2022-02-04/354_RR220204A_951C_2141.bmp,354_RR220204A_951C_2141.bmp,Twinned(2 x 1),1,HL,,2025-12-15T20:53:44.999029,,,,Twinned(2 x 1),Trajectories/2022-02-04/319_RR220204A_918C_2037.bmp || Trajectories/2022-02-04/354_RR220204A_951C_2141.bmp,/content/rl_quantum_2026summer/data/original data/Trajectories/2022-02-04/319_RR220204A_918C_2037.bmp,/content/rl_quantum_2026summer/data/original data/Trajectories/2022-02-04/354_RR220204A_951C_2141.bmp,1,1.0
Trajectories/2022-02-04/319_RR220204A_918C_2037.bmp,319_RR220204A_918C_2037.bmp,Trajectories/2022-02-04/354_RR220204A_951C_2141.bmp,354_RR220204A_951C_2141.bmp,(√13 x √13),2,HL,,2025-12-15T20:53:46.240690,,,,(√13 x √13),Trajectories/2022-02-04/319_RR220204A_918C_2037.bmp || Trajectories/2022-02-04/354_RR220204A_951C_2141.bmp,/content/rl_quantum_2026summer/data/original data/Trajectories/2022-02-04/319_RR220204A_918C_2037.bmp,/content/rl_quantum_2026summer/data/original data/Trajectories/2022-02-04/354_RR220204A_951C_2141.bmp,3,1.0
Trajectories/2022-02-04/319_RR220204A_918C_2037.bmp,319_RR220204A_918C_2037.bmp,Trajectories/2022-02-04/354_RR220204A_951C_2141.bmp,354_RR220204A_951C_2141.bmp,c(6 x 2),not_apply,HL,,2025-12-15T20:53:47.203783,,,,c(6 x 2),Trajectories/2022-02-04/319_RR220204A_918C_2037.bmp || Trajectories/2022-02-04/354_RR220204A_951C_2141.bmp,/content/rl_quantum_2026summer/data/original data/Trajectories/2022-02-04/319_RR220204A_918C_2037.bmp,/content/rl_quantum_2026summer/data/original data/Trajectories/2022-02-04/354_RR220204A_951C_2141.bmp,2,1.0
Trajectories/2022-02-04/319_RR220204A_918C_2037.bmp,319_RR220204A_918C_2037.bmp,Trajectories/2022-02-04/354_RR220204A_951C_2141.bmp,354_RR220204A_951C_2141.bmp,HTR,not_apply,HL,,2025-12-15T20:53:48.266445,,,,HTR,Trajectories/2022-02-04/319_RR220204A_918C_2037.bmp || Trajectories/2022-02-04/354_RR220204A_951C_2141.bmp,/content/rl_quantum_2026summer/data/original data/Trajectories/2022-02-04/319_RR220204A_918C_2037.bmp,/content/rl_quantum_2026summer/data/original data/Trajectories/2022-02-04/354_RR220204A_951C_2141.bmp,4,1.0
Trajectories/2022-02-04/319_RR220204A_918C_2037.bmp,319_RR220204A_918C_2037.bmp,Trajectories/2022-02-04/354_RR220204A_951C_2141.bmp,354_RR220204A_951C_2141.bmp,(1 x 1),not_apply,HL,,2025-12-15T20:53:49.408823,,,,(1 x 1),Trajectories/2022-02-04/319_RR220204A_918C_2037.bmp || Trajectories/2022-02-04/354_RR220204A_951C_2141.bmp,/content/rl_quantum_2026summer/data/original data/Trajectories/2022-02-04/319_RR220204A_918C_2037.bmp,/content/rl_quantum_2026summer/data/original data/Trajectories/2022-02-04/354_RR220204A_951C_2141.bmp,0,1.0
Trajectories/2022-02-06/123_RR220206A_894C_1923.bmp,123_RR220206A_894C_1923.bmp,Trajectories/2022-02-04/117_RR220204A_445C_1740.bmp,117_RR220204A_445C_1740.bmp,c(6 x 2),2,AJ,,2025-12-06 01:24:55,,,,c(6 x 2),Trajectories/2022-02-04/117_RR220204A_445C_1740.bmp || Trajectories/2022-02-06/123_RR220206A_894C_1923.bmp,/content/rl_quantum_2026summer/data/original data/Trajectories/2022-02-06/123_RR220206A_894C_1923.bmp,/content/rl_quantum_2026summer/data/original data/Trajectories/2022-02-04/117_RR220204A_445C_1740.bmp,2,1.0
Trajectories/2022-02-06/123_RR220206A_894C_1923.bmp,123_RR220206A_894C_1923.bmp,Trajectories/2022-02-04/117_RR220204A_445C_1740.bmp,117_RR220204A_445C_1740.bmp,(1 x 1),1,AJ,,2025-12-06 01:24:55,,,,(1 x 1),Trajectories/2022-02-04/117_RR220204A_445C_1740.bmp || Trajectories/2022-02-06/123_RR220206A_894C_1923.bmp,/content/rl_quantum_2026summer/data/original data/Trajectories/2022-02-06/123_RR220206A_894C_1923.bmp,/content/rl_quantum_2026summer/data/original data/Trajectories/2022-02-04/117_RR220204A_445C_1740.bmp,0,1.0
Trajectories/2022-04-11/164_RR220411A_724C_1635.bmp,164_RR220411A_724C_1635.bmp,Trajectories/2022-02-04/174_RR220204A_527C_1818.bmp,174_RR220204A_527C_1818.bmp,(1 x 1),1,AJ,,2025-12-11T15:15:31.412774,,,,(1 x 1),Trajectories/2022-02-04/174_RR220204A_527C_1818.bmp || Trajectories/2022-04-11/164_RR220411A_724C_1635.bmp,/content/rl_quantum_2026summer/data/original data/Trajectories/2022-04-11/164_RR220411A_724C_1635.bmp,/content/rl_quantum_2026summer/data/original data/Trajectories/2022-02-04/174_RR220204A_527C_1818.bmp,0,1.0
Trajectories/2022-04-11/164_RR220411A_724C_1635.bmp,164_RR220411A_724C_1635.bmp,Trajectories/2022-02-04/174_RR220204A_527C_1818.bmp,174_RR220204A_527C_1818.bmp,(√13 x √13),2,AJ,,2025-12-11T15:15:32.569831,,,,(√13 x √13),Trajectories/2022-02-04/174_RR220204A_527C_1818.bmp || Trajectories/2022-04-11/164_RR220411A_724C_1635.bmp,/content/rl_quantum_2026summer/data/original data/Trajectories/2022-04-11/164_RR220411A_724C_1635.bmp,/content/rl_quantum_2026summer/data/original data/Trajectories/2022-02-04/174_RR220204A_527C_1818.bmp,3,1.0
Trajectories/2022-02-04/152_RR220204A_488C_1805-02.bmp,152_RR220204A_488C_1805-02.bmp,Trajectories/2022-04-11/173_RR220411A_755C_1643.bmp,173_RR220411A_755C_1643.bmp,c(6 x 2),not_apply,Jiangang,,2026-01-05T15:47:01.574717,276.0,321.0,Confident,c(6 x 2),Trajectories/2022-02-04/152_RR220204A_488C_1805-02.bmp || Trajectories/2022-04-11/173_RR220411A_755C_1643.bmp,/content/rl_quantum_2026summer/data/original data/Trajectories/2022-02-04/152_RR220204A_488C_1805-02.bmp,/content/rl_quantum_2026summer/data/original data/Trajectories/2022-04-11/173_RR220411A_755C_1643.bmp,2,1.0
Trajectories/2022-02-04/152_RR220204A_488C_1805-02.bmp,152_RR220204A_488C_1805-02.bmp,Trajectories/2022-04-11/173_RR220411A_755C_1643.bmp,173_RR220411A_755C_1643.bmp,(1 x 1),2,Jiangang,,2026-01-05T15:47:02.726942,276.0,321.0,Confident,(1 x 1),Trajectories/2022-02-04/152_RR220204A_488C_1805-02.bmp || Trajectories/2022-04-11/173_RR220411A_755C_1643.bmp,/content/rl_quantum_2026summer/data/original data/Trajectories/2022-02-04/152_RR220204A_488C_1805-02.bmp,/content/rl_quantum_2026summer/data/original data/Trajectories/2022-04-11/173_RR220411A_755C_1643.bmp,0,1.0
Trajectories/2022-02-04/152_RR220204A_488C_1805-02.bmp,152_RR220204A_488C_1805-02.bmp,Trajectories/2022-04-11/173_RR220411A_755C_1643.bmp,173_RR220411A_755C_1643.bmp,HTR,not_apply,Jiangang,,2026-01-05T15:47:03.735044,276.0,321.0,Confident,HTR,Trajectories/2022-02-04/152_RR220204A_488C_1805-02.bmp || Trajectories/2022-04-11/173_RR220411A_755C_1643.bmp,/content/rl_quantum_2026summer/data/original data/Trajectories/2022-02-04/152_RR220204A_488C_1805-02.bmp,/content/rl_quantum_2026summer/data/original data/Trajectories/2022-04-11/173_RR220411A_755C_1643.bmp,4,1.0
Trajectories/2022-02-04/152_RR220204A_488C_1805-02.bmp,152_RR220204A_488C_1805-02.bmp,Trajectories/2022-04-11/173_RR220411A_755C_1643.bmp,173_RR220411A_755C_1643.bmp,Twinned(2 x 1),1,Jiangang,,2026-01-05T15:47:04.745549,276.0,321.0,Confident,Twinned(2 x 1),Trajectories/2022-02-04/152_RR220204A_488C_1805-02.bmp || Trajectories/2022-04-11/173_RR220411A_755C_1643.bmp,/content/rl_quantum_2026summer/data/original data/Trajectories/2022-02-04/152_RR220204A_488C_1805-02.bmp,/content/rl_quantum_2026summer/data/original data/Trajectories/2022-04-11/173_RR220411A_755C_1643.bmp,1,1.0
Trajectories/2022-02-04/152_RR220204A_488C_1805-02.bmp,152_RR220204A_488C_1805-02.bmp,Trajectories/2022-04-11/173_RR220411A_755C_1643.bmp,173_RR220411A_755C_1643.bmp,(√13 x √13),1,Jiangang,,2026-01-05T15:47:05.667741,276.0,321.0,Confident,(√13 x √13),Trajectories/2022-02-04/152_RR220204A_488C_1805-02.bmp || Trajectories/2022-04-11/173_RR220411A_755C_1643.bmp,/content/rl_quantum_2026summer/data/original data/Trajectories/2022-02-04/152_RR220204A_488C_1805-02.bmp,/content/rl_quantum_2026summer/data/original data/Trajectories/2022-04-11/173_RR220411A_755C_1643.bmp,3,1.0
Trajectories/2022-02-04/194_RR220204A_610C_1832.bmp,194_RR220204A_610C_1832.bmp,Trajectories/2022-04-11/163_RR220411A_715C_1634.bmp,163_RR220411A_715C_1634.bmp,(1 x 1),2,AJ,,2025-12-19T21:12:18.924041,199.0,218.0,Confident,(1 x 1),Trajectories/2022-02-04/194_RR220204A_610C_1832.bmp || Trajectories/2022-04-11/163_RR220411A_715C_1634.bmp,/content/rl_quantum_2026summer/data/original data/Trajectories/2022-02-04/194_RR220204A_610C_1832.bmp,/content/rl_quantum_2026summer/data/original data/Trajectories/2022-04-11/163_RR220411A_715C_1634.bmp,0,1.0
Trajectories/2022-02-04/194_RR220204A_610C_1832.bmp,194_RR220204A_610C_1832.bmp,Trajectories/2022-04-11/163_RR220411A_715C_1634.bmp,163_RR220411A_715C_1634.bmp,HTR,not_apply,AJ,,2025-12-19T21:12:20.255618,199.0,218.0,Confident,HTR,Trajectories/2022-02-04/194_RR220204A_610C_1832.bmp || Trajectories/2022-04-11/163_RR220411A_715C_1634.bmp,/content/rl_quantum_2026summer/data/original data/Trajectories/2022-02-04/194_RR220204A_610C_1832.bmp,/content/rl_quantum_2026summer/data/original data/Trajectories/2022-04-11/163_RR220411A_715C_1634.bmp,4,1.0
Trajectories/2022-02-04/194_RR220204A_610C_1832.bmp,194_RR220204A_610C_1832.bmp,Trajectories/2022-04-11/163_RR220411A_715C_1634.bmp,163_RR220411A_715C_1634.bmp,Twinned(2 x 1),not_apply,AJ,,2025-12-19T21:12:21.410671,199.0,218.0,Confident,Twinned(2 x 1),Trajectories/2022-02-04/194_RR220204A_610C_1832.bmp || Trajectories/2022-04-11/163_RR220411A_715C_1634.bmp,/content/rl_quantum_2026summer/data/original data/Trajectories/2022-02-04/194_RR220204A_610C_1832.bmp,/content/rl_quantum_2026summer/data/original data/Trajectories/2022-04-11/163_RR220411A_715C_1634.bmp,1,1.0
Trajectories/2022-02-04/194_RR220204A_610C_1832.bmp,194_RR220204A_610C_1832.bmp,Trajectories/2022-04-11/163_RR220411A_715C_1634.bmp,163_RR220411A_715C_1634.bmp,(√13 x √13),1,AJ,,2025-12-19T21:12:22.506107,199.0,218.0,Confident,(√13 x √13),Trajectories/2022-02-04/194_RR220204A_610C_1832.bmp || Trajectories/2022-04-11/163_RR220411A_715C_1634.bmp,/content/rl_quantum_2026summer/data/original data/Trajectories/2022-02-04/194_RR220204A_610C_1832.bmp,/content/rl_quantum_2026summer/data/original data/Trajectories/2022-04-11/163_RR220411A_715C_1634.bmp,3,1.0
Trajectories/2022-02-04/194_RR220204A_610C_1832.bmp,194_RR220204A_610C_1832.bmp,Trajectories/2022-04-11/163_RR220411A_715C_1634.bmp,163_RR220411A_715C_1634.bmp,c(6 x 2),1,AJ,,2025-12-19T21:12:23.519876,199.0,218.0,Confident,c(6 x 2),Trajectories/2022-02-04/194_RR220204A_610C_1832.bmp || Trajectories/2022-04-11/163_RR220411A_715C_1634.bmp,/content/rl_quantum_2026summer/data/original data/Trajectories/2022-02-04/194_RR220204A_610C_1832.bmp,/content/rl_quantum_2026summer/data/original data/Trajectories/2022-04-11/163_RR220411A_715C_1634.bmp,2,1.0
Trajectories/2022-04-11/147_RR220411A_671C_1617.bmp,147_RR220411A_671C_1617.bmp,Trajectories/2022-02-04/184_RR220204A_576C_1826.bmp,184_RR220204A_576C_1826.bmp,(1 x 1),2,SY,,2025-12-14 08:53:40,,,,(1 x 1),Trajectories/2022-02-04/184_RR220204A_576C_1826.bmp || Trajectories/2022-04-11/147_RR220411A_671C_1617.bmp,/content/rl_quantum_2026summer/data/original data/Trajectories/2022-04-11/147_RR220411A_671C_1617.bmp,/content/rl_quantum_2026summer/data/original data/Trajectories/2022-02-04/184_RR220204A_576C_1826.bmp,0,1.0
Trajectories/2022-04-11/147_RR220411A_671C_1617.bmp,147_RR220411A_671C_1617.bmp,Trajectories/2022-02-04/184_RR220204A_576C_1826.bmp,184_RR220204A_576C_1826.bmp,c(6 x 2),not_apply,SY,,2025-12-14 08:53:40,,,,c(6 x 2),Trajectories/2022-02-04/184_RR220204A_576C_1826.bmp || Trajectories/2022-04-11/147_RR220411A_671C_1617.bmp,/content/rl_quantum_2026summer/data/original data/Trajectories/2022-04-11/147_RR220411A_671C_1617.bmp,/content/rl_quantum_2026summer/data/original data/Trajectories/2022-02-04/184_RR220204A_576C_1826.bmp,2,1.0
Trajectories/2022-04-11/147_RR220411A_671C_1617.bmp,147_RR220411A_671C_1617.bmp,Trajectories/2022-02-04/184_RR220204A_576C_1826.bmp,184_RR220204A_576C_1826.bmp,HTR,not_apply,SY,,2025-12-14 08:53:40,,,,HTR,Trajectories/2022-02-04/184_RR220204A_576C_1826.bmp || Trajectories/2022-04-11/147_RR220411A_671C_1617.bmp,/content/rl_quantum_2026summer/data/original data/Trajectories/2022-04-11/147_RR220411A_671C_1617.bmp,/content/rl_quantum_2026summer/data/original data/Trajectories/2022-02-04/184_RR220204A_576C_1826.bmp,4,1.0
Trajectories/2022-04-11/147_RR220411A_671C_1617.bmp,147_RR220411A_671C_1617.bmp,Trajectories/2022-02-04/184_RR220204A_576C_1826.bmp,184_RR220204A_576C_1826.bmp,Twinned(2 x 1),2,SY,,2025-12-14 08:53:40,,,,Twinned(2 x 1),Trajectories/2022-02-04/184_RR220204A_576C_1826.bmp || Trajectories/2022-04-11/147_RR220411A_671C_1617.bmp,/content/rl_quantum_2026summer/data/original data/Trajectories/2022-04-11/147_RR220411A_671C_1617.bmp,/content/rl_quantum_2026summer/data/original data/Trajectories/2022-02-04/184_RR220204A_576C_1826.bmp,1,1.0
Trajectories/2022-04-11/147_RR220411A_671C_1617.bmp,147_RR220411A_671C_1617.bmp,Trajectories/2022-02-04/184_RR220204A_576C_1826.bmp,184_RR220204A_576C_1826.bmp,(√13 x √13),2,SY,,2025-12-14 08:53:40,,,,(√13 x √13),Trajectories/2022-02-04/184_RR220204A_576C_1826.bmp || Trajectories/2022-04-11/147_RR220411A_671C_1617.bmp,/content/rl_quantum_2026summer/data/original data/Trajectories/2022-04-11/147_RR220411A_671C_1617.bmp,/content/rl_quantum_2026summer/data/original data/Trajectories/2022-02-04/184_RR220204A_576C_1826.bmp,3,1.0
Trajectories/2022-02-04/049_RR220204A_218C_0201.bmp,049_RR220204A_218C_0201.bmp,Trajectories/2022-02-04/307_RR220204A_912C_2025.bmp,307_RR220204A_912C_2025.bmp,(1 x 1),tie,SY,,2025-12-10T16:54:22.255228,,,,(1 x 1),Trajectories/2022-02-04/049_RR220204A_218C_0201.bmp || Trajectories/2022-02-04/307_RR220204A_912C_2025.bmp,/content/rl_quantum_2026summer/data/original data/Trajectories/2022-02-04/049_RR220204A_218C_0201.bmp,/content/rl_quantum_2026summer/data/original data/Trajectories/2022-02-04/307_RR220204A_912C_2025.bmp,0,1.0
Trajectories/2022-02-04/049_RR220204A_218C_0201.bmp,049_RR220204A_218C_0201.bmp,Trajectories/2022-02-04/307_RR220204A_912C_2025.bmp,307_RR220204A_912C_2025.bmp,HTR,not_apply,SY,,2025-12-10T16:54:23.058574,,,,HTR,Trajectories/2022-02-04/049_RR220204A_218C_0201.bmp || Trajectories/2022-02-04/307_RR220204A_912C_2025.bmp,/content/rl_quantum_2026summer/data/original data/Trajectories/2022-02-04/049_RR220204A_218C_0201.bmp,/content/rl_quantum_2026summer/data/original data/Trajectories/2022-02-04/307_RR220204A_912C_2025.bmp,4,1.0
Trajectories/2022-02-04/049_RR220204A_218C_0201.bmp,049_RR220204A_218C_0201.bmp,Trajectories/2022-02-04/307_RR220204A_912C_2025.bmp,307_RR220204A_912C_2025.bmp,(√13 x √13),2,SY,,2025-12-10T16:54:23.808624,,,,(√13 x √13),Trajectories/2022-02-04/049_RR220204A_218C_0201.bmp || Trajectories/2022-02-04/307_RR220204A_912C_2025.bmp,/content/rl_quantum_2026summer/data/original data/Trajectories/2022-02-04/049_RR220204A_218C_0201.bmp,/content/rl_quantum_2026summer/data/original data/Trajectories/2022-02-04/307_RR220204A_912C_2025.bmp,3,1.0
Trajectories/2022-02-04/049_RR220204A_218C_0201.bmp,049_RR220204A_218C_0201.bmp,Trajectories/2022-02-04/307_RR220204A_912C_2025.bmp,307_RR220204A_912C_2025.bmp,c(6 x 2),not_apply,SY,,2025-12-10T16:54:24.538820,,,,c(6 x 2),Trajectories/2022-02-04/049_RR220204A_218C_0201.bmp || Trajectories/2022-02-04/307_RR220204A_912C_2025.bmp,/content/rl_quantum_2026summer/data/original data/Trajectories/2022-02-04/049_RR220204A_218C_0201.bmp,/content/rl_quantum_2026summer/data/original data/Trajectories/2022-02-04/307_RR220204A_912C_2025.bmp,2,1.0
Trajectories/2022-02-04/049_RR220204A_218C_0201.bmp,049_RR220204A_218C_0201.bmp,Trajectories/2022-02-04/307_RR220204A_912C_2025.bmp,307_RR220204A_912C_2025.bmp,Twinned(2 x 1),1,SY,,2025-12-10T16:54:25.263096,,,,Twinned(2 x 1),Trajectories/2022-02-04/049_RR220204A_218C_0201.bmp || Trajectories/2022-02-04/307_RR220204A_912C_2025.bmp,/content/rl_quantum_2026summer/data/original data/Trajectories/2022-02-04/049_RR220204A_218C_0201.bmp,/content/rl_quantum_2026summer/data/original data/Trajectories/2022-02-04/307_RR220204A_912C_2025.bmp,1,1.0
Trajectories/2022-04-11/129_RR220411A_590C_1601.bmp,129_RR220411A_590C_1601.bmp,Trajectories/2022-02-06/141_RR220206A_995C_1942.bmp,141_RR220206A_995C_1942.bmp,(1 x 1),1,HL,,2026-01-06T23:14:56.537843,290.0,311.0,Confident,(1 x 1),Trajectories/2022-02-06/141_RR220206A_995C_1942.bmp || Trajectories/2022-04-11/129_RR220411A_590C_1601.bmp,/content/rl_quantum_2026summer/data/original data/Trajectories/2022-04-11/129_RR220411A_590C_1601.bmp,/content/rl_quantum_2026summer/data/original data/Trajectories/2022-02-06/141_RR220206A_995C_1942.bmp,0,1.0
Trajectories/2022-04-11/129_RR220411A_590C_1601.bmp,129_RR220411A_590C_1601.bmp,Trajectories/2022-02-06/141_RR220206A_995C_1942.bmp,141_RR220206A_995C_1942.bmp,HTR,not_apply,HL,,2026-01-06T23:14:58.103906,290.0,311.0,Confident,HTR,Trajectories/2022-02-06/141_RR220206A_995C_1942.bmp || Trajectories/2022-04-11/129_RR220411A_590C_1601.bmp,/content/rl_quantum_2026summer/data/original data/Trajectories/2022-04-11/129_RR220411A_590C_1601.bmp,/content/rl_quantum_2026summer/data/original data/Trajectories/2022-02-06/141_RR220206A_995C_1942.bmp,4,1.0
Trajectories/2022-04-11/129_RR220411A_590C_1601.bmp,129_RR220411A_590C_1601.bmp,Trajectories/2022-02-06/141_RR220206A_995C_1942.bmp,141_RR220206A_995C_1942.bmp,Twinned(2 x 1),not_apply,HL,,2026-01-06T23:14:59.292000,290.0,311.0,Confident,Twinned(2 x 1),Trajectories/2022-02-06/141_RR220206A_995C_1942.bmp || Trajectories/2022-04-11/129_RR220411A_590C_1601.bmp,/content/rl_quantum_2026summer/data/original data/Trajectories/2022-04-11/129_RR220411A_590C_1601.bmp,/content/rl_quantum_2026summer/data/original data/Trajectories/2022-02-06/141_RR220206A_995C_1942.bmp,1,1.0
Trajectories/2022-04-11/129_RR220411A_590C_1601.bmp,129_RR220411A_590C_1601.bmp,Trajectories/2022-02-06/141_RR220206A_995C_1942.bmp,141_RR220206A_995C_1942.bmp,(√13 x √13),not_apply,HL,,2026-01-06T23:15:00.590700,290.0,311.0,Confident,(√13 x √13),Trajectories/2022-02-06/141_RR220206A_995C_1942.bmp || Trajectories/2022-04-11/129_RR220411A_590C_1601.bmp,/content/rl_quantum_2026summer/data/original data/Trajectories/2022-04-11/129_RR220411A_590C_1601.bmp,/content/rl_quantum_2026summer/data/original data/Trajectories/2022-02-06/141_RR220206A_995C_1942.bmp,3,1.0
Trajectories/2022-04-11/129_RR220411A_590C_1601.bmp,129_RR220411A_590C_1601.bmp,Trajectories/2022-02-06/141_RR220206A_995C_1942.bmp,141_RR220206A_995C_1942.bmp,c(6 x 2),2,HL,,2026-01-06T23:15:01.765259,290.0,311.0,Confident,c(6 x 2),Trajectories/2022-02-06/141_RR220206A_995C_1942.bmp || Trajectories/2022-04-11/129_RR220411A_590C_1601.bmp,/content/rl_quantum_2026summer/data/original data/Trajectories/2022-04-11/129_RR220411A_590C_1601.bmp,/content/rl_quantum_2026summer/data/original data/Trajectories/2022-02-06/141_RR220206A_995C_1942.bmp,2,1.0
Trajectories/2022-04-11/030_RR220411A_291C_1437.bmp,030_RR220411A_291C_1437.bmp,Trajectories/2022-02-06/068_RR220206A_362C_1759.bmp,068_RR220206A_362C_1759.bmp,HTR,not_apply,SY,,2025-12-10T16:55:52.310990,,,,HTR,Trajectories/2022-02-06/068_RR220206A_362C_1759.bmp || Trajectories/2022-04-11/030_RR220411A_291C_1437.bmp,/content/rl_quantum_2026summer/data/original data/Trajectories/2022-04-11/030_RR220411A_291C_1437.bmp,/content/rl_quantum_2026summer/data/original data/Trajectories/2022-02-06/068_RR220206A_362C_1759.bmp,4,1.0
Trajectories/2022-04-11/030_RR220411A_291C_1437.bmp,030_RR220411A_291C_1437.bmp,Trajectories/2022-02-06/068_RR220206A_362C_1759.bmp,068_RR220206A_362C_1759.bmp,c(6 x 2),not_apply,SY,,2025-12-10T16:55:53.064524,,,,c(6 x 2),Trajectories/2022-02-06/068_RR220206A_362C_1759.bmp || Trajectories/2022-04-11/030_RR220411A_291C_1437.bmp,/content/rl_quantum_2026summer/data/original data/Trajectories/2022-04-11/030_RR220411A_291C_1437.bmp,/content/rl_quantum_2026summer/data/original data/Trajectories/2022-02-06/068_RR220206A_362C_1759.bmp,2,1.0
Trajectories/2022-04-11/030_RR220411A_291C_1437.bmp,030_RR220411A_291C_1437.bmp,Trajectories/2022-02-06/068_RR220206A_362C_1759.bmp,068_RR220206A_362C_1759.bmp,(√13 x √13),not_apply,SY,,2025-12-10T16:55:53.741160,,,,(√13 x √13),Trajectories/2022-02-06/068_RR220206A_362C_1759.bmp || Trajectories/2022-04-11/030_RR220411A_291C_1437.bmp,/content/rl_quantum_2026summer/data/original data/Trajectories/2022-04-11/030_RR220411A_291C_1437.bmp,/content/rl_quantum_2026summer/data/original data/Trajectories/2022-02-06/068_RR220206A_362C_1759.bmp,3,1.0
Trajectories/2022-04-11/030_RR220411A_291C_1437.bmp,030_RR220411A_291C_1437.bmp,Trajectories/2022-02-06/068_RR220206A_362C_1759.bmp,068_RR220206A_362C_1759.bmp,(1 x 1),1,SY,,2025-12-10T16:55:54.432756,,,,(1 x 1),Trajectories/2022-02-06/068_RR220206A_362C_1759.bmp || Trajectories/2022-04-11/030_RR220411A_291C_1437.bmp,/content/rl_quantum_2026summer/data/original data/Trajectories/2022-04-11/030_RR220411A_291C_1437.bmp,/content/rl_quantum_2026summer/data/original data/Trajectories/2022-02-06/068_RR220206A_362C_1759.bmp,0,1.0
Trajectories/2022-04-11/030_RR220411A_291C_1437.bmp,030_RR220411A_291C_1437.bmp,Trajectories/2022-02-06/068_RR220206A_362C_1759.bmp,068_RR220206A_362C_1759.bmp,Twinned(2 x 1),not_apply,SY,,2025-12-10T16:55:55.152158,,,,Twinned(2 x 1),Trajectories/2022-02-06/068_RR220206A_362C_1759.bmp || Trajectories/2022-04-11/030_RR220411A_291C_1437.bmp,/content/rl_quantum_2026summer/data/original data/Trajectories/2022-04-11/030_RR220411A_291C_1437.bmp,/content/rl_quantum_2026summer/data/original data/Trajectories/2022-02-06/068_RR220206A_362C_1759.bmp,1,1.0
Trajectories/2022-04-11/081_RR220411A_453C_1523.bmp,081_RR220411A_453C_1523.bmp,Trajectories/2022-02-04/314_RR220204A_937C_2030.bmp,314_RR220204A_937C_2030.bmp,(1 x 1),2,HL,,2026-01-02T22:20:07.278909,320.0,400.0,Confident,(1 x 1),Trajectories/2022-02-04/314_RR220204A_937C_2030.bmp || Trajectories/2022-04-11/081_RR220411A_453C_1523.bmp,/content/rl_quantum_2026summer/data/original data/Trajectories/2022-04-11/081_RR220411A_453C_1523.bmp,/content/rl_quantum_2026summer/data/original data/Trajectories/2022-02-04/314_RR220204A_937C_2030.bmp,0,1.0
Trajectories/2022-04-11/081_RR220411A_453C_1523.bmp,081_RR220411A_453C_1523.bmp,Trajectories/2022-02-04/314_RR220204A_937C_2030.bmp,314_RR220204A_937C_2030.bmp,Twinned(2 x 1),2,HL,,2026-01-02T22:20:08.533379,320.0,400.0,Confident,Twinned(2 x 1),Trajectories/2022-02-04/314_RR220204A_937C_2030.bmp || Trajectories/2022-04-11/081_RR220411A_453C_1523.bmp,/content/rl_quantum_2026summer/data/original data/Trajectories/2022-04-11/081_RR220411A_453C_1523.bmp,/content/rl_quantum_2026summer/data/original data/Trajectories/2022-02-04/314_RR220204A_937C_2030.bmp,1,1.0
Trajectories/2022-04-11/081_RR220411A_453C_1523.bmp,081_RR220411A_453C_1523.bmp,Trajectories/2022-02-04/314_RR220204A_937C_2030.bmp,314_RR220204A_937C_2030.bmp,(√13 x √13),2,HL,,2026-01-02T22:20:09.737265,320.0,400.0,Confident,(√13 x √13),Trajectories/2022-02-04/314_RR220204A_937C_2030.bmp || Trajectories/2022-04-11/081_RR220411A_453C_1523.bmp,/content/rl_quantum_2026summer/data/original data/Trajectories/2022-04-11/081_RR220411A_453C_1523.bmp,/content/rl_quantum_2026summer/data/original data/Trajectories/2022-02-04/314_RR220204A_937C_2030.bmp,3,1.0
Trajectories/2022-04-11/081_RR220411A_453C_1523.bmp,081_RR220411A_453C_1523.bmp,Trajectories/2022-02-04/314_RR220204A_937C_2030.bmp,314_RR220204A_937C_2030.bmp,HTR,not_apply,HL,,2026-01-02T22:20:10.841465,320.0,400.0,Confident,HTR,Trajectories/2022-02-04/314_RR220204A_937C_2030.bmp || Trajectories/2022-04-11/081_RR220411A_453C_1523.bmp,/content/rl_quantum_2026summer/data/original data/Trajectories/2022-04-11/081_RR220411A_453C_1523.bmp,/content/rl_quantum_2026summer/data/original data/Trajectories/2022-02-04/314_RR220204A_937C_2030.bmp,4,1.0
Trajectories/2022-04-11/081_RR220411A_453C_1523.bmp,081_RR220411A_453C_1523.bmp,Trajectories/2022-02-04/314_RR220204A_937C_2030.bmp,314_RR220204A_937C_2030.bmp,c(6 x 2),not_apply,HL,,2026-01-02T22:20:11.937876,320.0,400.0,Confident,c(6 x 2),Trajectories/2022-02-04/314_RR220204A_937C_2030.bmp || Trajectories/2022-04-11/081_RR220411A_453C_1523.bmp,/content/rl_quantum_2026summer/data/original data/Trajectories/2022-04-11/081_RR220411A_453C_1523.bmp,/content/rl_quantum_2026summer/data/original data/Trajectories/2022-02-04/314_RR220204A_937C_2030.bmp,2,1.0
Trajectories/2022-04-11/359_RR220411A_675C_1926.bmp,359_RR220411A_675C_1926.bmp,Trajectories/2022-02-04/262_RR220204A_793C_1932.bmp,262_RR220204A_793C_1932.bmp,c(6 x 2),2,AJ,,2025-12-06 01:24:10,,,,c(6 x 2),Trajectories/2022-02-04/262_RR220204A_793C_1932.bmp || Trajectories/2022-04-11/359_RR220411A_675C_1926.bmp,/content/rl_quantum_2026summer/data/original data/Trajectories/2022-04-11/359_RR220411A_675C_1926.bmp,/content/rl_quantum_2026summer/data/original data/Trajectories/2022-02-04/262_RR220204A_793C_1932.bmp,2,1.0
Trajectories/2022-04-11/359_RR220411A_675C_1926.bmp,359_RR220411A_675C_1926.bmp,Trajectories/2022-02-04/262_RR220204A_793C_1932.bmp,262_RR220204A_793C_1932.bmp,(√13 x √13),1,AJ,,2025-12-06 01:24:10,,,,(√13 x √13),Trajectories/2022-02-04/262_RR220204A_793C_1932.bmp || Trajectories/2022-04-11/359_RR220411A_675C_1926.bmp,/content/rl_quantum_2026summer/data/original data/Trajectories/2022-04-11/359_RR220411A_675C_1926.bmp,/content/rl_quantum_2026summer/data/original data/Trajectories/2022-02-04/262_RR220204A_793C_1932.bmp,3,1.0
Trajectories/2022-02-04/253_RR220204A_782C_1923.bmp,253_RR220204A_782C_1923.bmp,Trajectories/2022-02-06/262_RR220206A_540C_2228.bmp,262_RR220206A_540C_2228.bmp,Twinned(2 x 1),not_apply,AJ,,2025-12-26T08:13:53.511971,195.0,189.0,Confident,Twinned(2 x 1),Trajectories/2022-02-04/253_RR220204A_782C_1923.bmp || Trajectories/2022-02-06/262_RR220206A_540C_2228.bmp,/content/rl_quantum_2026summer/data/original data/Trajectories/2022-02-04/253_RR220204A_782C_1923.bmp,/content/rl_quantum_2026summer/data/original data/Trajectories/2022-02-06/262_RR220206A_540C_2228.bmp,1,1.0
Trajectories/2022-02-04/253_RR220204A_782C_1923.bmp,253_RR220204A_782C_1923.bmp,Trajectories/2022-02-06/262_RR220206A_540C_2228.bmp,262_RR220206A_540C_2228.bmp,(1 x 1),not_apply,AJ,,2025-12-26T08:13:54.489680,195.0,189.0,Confident,(1 x 1),Trajectories/2022-02-04/253_RR220204A_782C_1923.bmp || Trajectories/2022-02-06/262_RR220206A_540C_2228.bmp,/content/rl_quantum_2026summer/data/original data/Trajectories/2022-02-04/253_RR220204A_782C_1923.bmp,/content/rl_quantum_2026summer/data/original data/Trajectories/2022-02-06/262_RR220206A_540C_2228.bmp,0,1.0
Trajectories/2022-02-04/253_RR220204A_782C_1923.bmp,253_RR220204A_782C_1923.bmp,Trajectories/2022-02-06/262_RR220206A_540C_2228.bmp,262_RR220206A_540C_2228.bmp,c(6 x 2),1,AJ,,2025-12-26T08:13:55.345250,195.0,189.0,Confident,c(6 x 2),Trajectories/2022-02-04/253_RR220204A_782C_1923.bmp || Trajectories/2022-02-06/262_RR220206A_540C_2228.bmp,/content/rl_quantum_2026summer/data/original data/Trajectories/2022-02-04/253_RR220204A_782C_1923.bmp,/content/rl_quantum_2026summer/data/original data/Trajectories/2022-02-06/262_RR220206A_540C_2228.bmp,2,1.0
Trajectories/2022-02-04/253_RR220204A_782C_1923.bmp,253_RR220204A_782C_1923.bmp,Trajectories/2022-02-06/262_RR220206A_540C_2228.bmp,262_RR220206A_540C_2228.bmp,HTR,2,AJ,,2025-12-26T08:13:56.276916,195.0,189.0,Confident,HTR,Trajectories/2022-02-04/253_RR220204A_782C_1923.bmp || Trajectories/2022-02-06/262_RR220206A_540C_2228.bmp,/content/rl_quantum_2026summer/data/original data/Trajectories/2022-02-04/253_RR220204A_782C_1923.bmp,/content/rl_quantum_2026summer/data/original data/Trajectories/2022-02-06/262_RR220206A_540C_2228.bmp,4,1.0
Trajectories/2022-02-04/253_RR220204A_782C_1923.bmp,253_RR220204A_782C_1923.bmp,Trajectories/2022-02-06/262_RR220206A_540C_2228.bmp,262_RR220206A_540C_2228.bmp,(√13 x √13),1,AJ,,2025-12-26T08:13:57.216913,195.0,189.0,Confident,(√13 x √13),Trajectories/2022-02-04/253_RR220204A_782C_1923.bmp || Trajectories/2022-02-06/262_RR220206A_540C_2228.bmp,/content/rl_quantum_2026summer/data/original data/Trajectories/2022-02-04/253_RR220204A_782C_1923.bmp,/content/rl_quantum_2026summer/data/original data/Trajectories/2022-02-06/262_RR220206A_540C_2228.bmp,3,1.0
Trajectories/2022-04-11/113_RR220411A_539C_1548.bmp,113_RR220411A_539C_1548.bmp,Trajectories/2022-02-04/188_RR220204A_579C_1829.bmp,188_RR220204A_579C_1829.bmp,c(6 x 2),not_apply,SY,,2025-12-10T17:01:03.728361,,,,c(6 x 2),Trajectories/2022-02-04/188_RR220204A_579C_1829.bmp || Trajectories/2022-04-11/113_RR220411A_539C_1548.bmp,/content/rl_quantum_2026summer/data/original data/Trajectories/2022-04-11/113_RR220411A_539C_1548.bmp,/content/rl_quantum_2026summer/data/original data/Trajectories/2022-02-04/188_RR220204A_579C_1829.bmp,2,1.0
Trajectories/2022-04-11/113_RR220411A_539C_1548.bmp,113_RR220411A_539C_1548.bmp,Trajectories/2022-02-04/188_RR220204A_579C_1829.bmp,188_RR220204A_579C_1829.bmp,(1 x 1),tie,SY,,2025-12-10T17:01:04.465418,,,,(1 x 1),Trajectories/2022-02-04/188_RR220204A_579C_1829.bmp || Trajectories/2022-04-11/113_RR220411A_539C_1548.bmp,/content/rl_quantum_2026summer/data/original data/Trajectories/2022-04-11/113_RR220411A_539C_1548.bmp,/content/rl_quantum_2026summer/data/original data/Trajectories/2022-02-04/188_RR220204A_579C_1829.bmp,0,1.0
Trajectories/2022-04-11/113_RR220411A_539C_1548.bmp,113_RR220411A_539C_1548.bmp,Trajectories/2022-02-04/188_RR220204A_579C_1829.bmp,188_RR220204A_579C_1829.bmp,HTR,not_apply,SY,,2025-12-10T17:01:05.120488,,,,HTR,Trajectories/2022-02-04/188_RR220204A_579C_1829.bmp || Trajectories/2022-04-11/113_RR220411A_539C_1548.bmp,/content/rl_quantum_2026summer/data/original data/Trajectories/2022-04-11/113_RR220411A_539C_1548.bmp,/content/rl_quantum_2026summer/data/original data/Trajectories/2022-02-04/188_RR220204A_579C_1829.bmp,4,1.0
Trajectories/2022-04-11/113_RR220411A_539C_1548.bmp,113_RR220411A_539C_1548.bmp,Trajectories/2022-02-04/188_RR220204A_579C_1829.bmp,188_RR220204A_579C_1829.bmp,Twinned(2 x 1),2,SY,,2025-12-10T17:01:05.862160,,,,Twinned(2 x 1),Trajectories/2022-02-04/188_RR220204A_579C_1829.bmp || Trajectories/2022-04-11/113_RR220411A_539C_1548.bmp,/content/rl_quantum_2026summer/data/original data/Trajectories/2022-04-11/113_RR220411A_539C_1548.bmp,/content/rl_quantum_2026summer/data/original data/Trajectories/2022-02-04/188_RR220204A_579C_1829.bmp,1,1.0
Trajectories/2022-04-11/113_RR220411A_539C_1548.bmp,113_RR220411A_539C_1548.bmp,Trajectories/2022-02-04/188_RR220204A_579C_1829.bmp,188_RR220204A_579C_1829.bmp,(√13 x √13),2,SY,,2025-12-10T17:01:06.551693,,,,(√13 x √13),Trajectories/2022-02-04/188_RR220204A_579C_1829.bmp || Trajectories/2022-04-11/113_RR220411A_539C_1548.bmp,/content/rl_quantum_2026summer/data/original data/Trajectories/2022-04-11/113_RR220411A_539C_1548.bmp,/content/rl_quantum_2026summer/data/original data/Trajectories/2022-02-04/188_RR220204A_579C_1829.bmp,3,1.0
Trajectories/2022-02-06/215_RR220206A_835C_2123.bmp,215_RR220206A_835C_2123.bmp,Trajectories/2022-04-11/140_RR220411A_647C_1612.bmp,140_RR220411A_647C_1612.bmp,HTR,1,AJ,,2025-12-12T00:16:35.915204,,,,HTR,Trajectories/2022-02-06/215_RR220206A_835C_2123.bmp || Trajectories/2022-04-11/140_RR220411A_647C_1612.bmp,/content/rl_quantum_2026summer/data/original data/Trajectories/2022-02-06/215_RR220206A_835C_2123.bmp,/content/rl_quantum_2026summer/data/original data/Trajectories/2022-04-11/140_RR220411A_647C_1612.bmp,4,1.0
Trajectories/2022-02-06/215_RR220206A_835C_2123.bmp,215_RR220206A_835C_2123.bmp,Trajectories/2022-04-11/140_RR220411A_647C_1612.bmp,140_RR220411A_647C_1612.bmp,(1 x 1),2,AJ,,2025-12-12T00:16:36.690209,,,,(1 x 1),Trajectories/2022-02-06/215_RR220206A_835C_2123.bmp || Trajectories/2022-04-11/140_RR220411A_647C_1612.bmp,/content/rl_quantum_2026summer/data/original data/Trajectories/2022-02-06/215_RR220206A_835C_2123.bmp,/content/rl_quantum_2026summer/data/original data/Trajectories/2022-04-11/140_RR220411A_647C_1612.bmp,0,1.0
Trajectories/2022-02-06/253_RR220206A_599C_2217.bmp,253_RR220206A_599C_2217.bmp,Trajectories/2022-02-06/124_RR220206A_894C_1924.bmp,124_RR220206A_894C_1924.bmp,(1 x 1),2,AJ,,2025-12-11T15:21:16.327688,,,,(1 x 1),Trajectories/2022-02-06/124_RR220206A_894C_1924.bmp || Trajectories/2022-02-06/253_RR220206A_599C_2217.bmp,/content/rl_quantum_2026summer/data/original data/Trajectories/2022-02-06/253_RR220206A_599C_2217.bmp,/content/rl_quantum_2026summer/data/original data/Trajectories/2022-02-06/124_RR220206A_894C_1924.bmp,0,1.0
Trajectories/2022-02-06/253_RR220206A_599C_2217.bmp,253_RR220206A_599C_2217.bmp,Trajectories/2022-02-06/124_RR220206A_894C_1924.bmp,124_RR220206A_894C_1924.bmp,HTR,1,AJ,,2025-12-11T15:21:17.024425,,,,HTR,Trajectories/2022-02-06/124_RR220206A_894C_1924.bmp || Trajectories/2022-02-06/253_RR220206A_599C_2217.bmp,/content/rl_quantum_2026summer/data/original data/Trajectories/2022-02-06/253_RR220206A_599C_2217.bmp,/content/rl_quantum_2026summer/data/original data/Trajectories/2022-02-06/124_RR220206A_894C_1924.bmp,4,1.0
Trajectories/2022-02-06/057_RR220206A_249C_1744.bmp,057_RR220206A_249C_1744.bmp,Trajectories/2022-02-06/154_RR220206A_1092C_2003-02.bmp,154_RR220206A_1092C_2003-02.bmp,(1 x 1),1,AJ,,2025-12-06 01:17:47,,,,(1 x 1),Trajectories/2022-02-06/057_RR220206A_249C_1744.bmp || Trajectories/2022-02-06/154_RR220206A_1092C_2003-02.bmp,/content/rl_quantum_2026summer/data/original data/Trajectories/2022-02-06/057_RR220206A_249C_1744.bmp,/content/rl_quantum_2026summer/data/original data/Trajectories/2022-02-06/154_RR220206A_1092C_2003-02.bmp,0,1.0
Trajectories/2022-02-06/057_RR220206A_249C_1744.bmp,057_RR220206A_249C_1744.bmp,Trajectories/2022-02-06/154_RR220206A_1092C_2003-02.bmp,154_RR220206A_1092C_2003-02.bmp,HTR,2,AJ,,2025-12-06 01:17:47,,,,HTR,Trajectories/2022-02-06/057_RR220206A_249C_1744.bmp || Trajectories/2022-02-06/154_RR220206A_1092C_2003-02.bmp,/content/rl_quantum_2026summer/data/original data/Trajectories/2022-02-06/057_RR220206A_249C_1744.bmp,/content/rl_quantum_2026summer/data/original data/Trajectories/2022-02-06/154_RR220206A_1092C_2003-02.bmp,4,1.0
Trajectories/2022-02-06/048_RR220206A_175C_1736.bmp,048_RR220206A_175C_1736.bmp,Trajectories/2022-04-11/189_RR220411A_822C_1703.bmp,189_RR220411A_822C_1703.bmp,HTR,not_apply,HL,,2026-01-06T21:47:08.538700,324.0,287.0,Confident,HTR,Trajectories/2022-02-06/048_RR220206A_175C_1736.bmp || Trajectories/2022-04-11/189_RR220411A_822C_1703.bmp,/content/rl_quantum_2026summer/data/original data/Trajectories/2022-02-06/048_RR220206A_175C_1736.bmp,/content/rl_quantum_2026summer/data/original data/Trajectories/2022-04-11/189_RR220411A_822C_1703.bmp,4,1.0
Trajectories/2022-02-06/048_RR220206A_175C_1736.bmp,048_RR220206A_175C_1736.bmp,Trajectories/2022-04-11/189_RR220411A_822C_1703.bmp,189_RR220411A_822C_1703.bmp,Twinned(2 x 1),not_apply,HL,,2026-01-06T21:47:09.296451,324.0,287.0,Confident,Twinned(2 x 1),Trajectories/2022-02-06/048_RR220206A_175C_1736.bmp || Trajectories/2022-04-11/189_RR220411A_822C_1703.bmp,/content/rl_quantum_2026summer/data/original data/Trajectories/2022-02-06/048_RR220206A_175C_1736.bmp,/content/rl_quantum_2026summer/data/original data/Trajectories/2022-04-11/189_RR220411A_822C_1703.bmp,1,1.0
Trajectories/2022-02-06/048_RR220206A_175C_1736.bmp,048_RR220206A_175C_1736.bmp,Trajectories/2022-04-11/189_RR220411A_822C_1703.bmp,189_RR220411A_822C_1703.bmp,(1 x 1),tie,HL,,2026-01-06T21:47:10.047898,324.0,287.0,Confident,(1 x 1),Trajectories/2022-02-06/048_RR220206A_175C_1736.bmp || Trajectories/2022-04-11/189_RR220411A_822C_1703.bmp,/content/rl_quantum_2026summer/data/original data/Trajectories/2022-02-06/048_RR220206A_175C_1736.bmp,/content/rl_quantum_2026summer/data/original data/Trajectories/2022-04-11/189_RR220411A_822C_1703.bmp,0,1.0
Trajectories/2022-02-06/048_RR220206A_175C_1736.bmp,048_RR220206A_175C_1736.bmp,Trajectories/2022-04-11/189_RR220411A_822C_1703.bmp,189_RR220411A_822C_1703.bmp,(√13 x √13),not_apply,HL,,2026-01-06T21:47:10.790309,324.0,287.0,Confident,(√13 x √13),Trajectories/2022-02-06/048_RR220206A_175C_1736.bmp || Trajectories/2022-04-11/189_RR220411A_822C_1703.bmp,/content/rl_quantum_2026summer/data/original data/Trajectories/2022-02-06/048_RR220206A_175C_1736.bmp,/content/rl_quantum_2026summer/data/original data/Trajectories/2022-04-11/189_RR220411A_822C_1703.bmp,3,1.0
Trajectories/2022-02-06/048_RR220206A_175C_1736.bmp,048_RR220206A_175C_1736.bmp,Trajectories/2022-04-11/189_RR220411A_822C_1703.bmp,189_RR220411A_822C_1703.bmp,c(6 x 2),not_apply,HL,,2026-01-06T21:47:11.586590,324.0,287.0,Confident,c(6 x 2),Trajectories/2022-02-06/048_RR220206A_175C_1736.bmp || Trajectories/2022-04-11/189_RR220411A_822C_1703.bmp,/content/rl_quantum_2026summer/data/original data/Trajectories/2022-02-06/048_RR220206A_175C_1736.bmp,/content/rl_quantum_2026summer/data/original data/Trajectories/2022-04-11/189_RR220411A_822C_1703.bmp,2,1.0
Trajectories/2022-04-11/067_RR220411A_416C_1513-02.bmp,067_RR220411A_416C_1513-02.bmp,Trajectories/2022-02-06/097_RR220206A_654C_1837.bmp,097_RR220206A_654C_1837.bmp,HTR,not_apply,HL,,2026-01-02T22:18:06.296425,246.0,250.0,Confident,HTR,Trajectories/2022-02-06/097_RR220206A_654C_1837.bmp || Trajectories/2022-04-11/067_RR220411A_416C_1513-02.bmp,/content/rl_quantum_2026summer/data/original data/Trajectories/2022-04-11/067_RR220411A_416C_1513-02.bmp,/content/rl_quantum_2026summer/data/original data/Trajectories/2022-02-06/097_RR220206A_654C_1837.bmp,4,1.0
Trajectories/2022-04-11/067_RR220411A_416C_1513-02.bmp,067_RR220411A_416C_1513-02.bmp,Trajectories/2022-02-06/097_RR220206A_654C_1837.bmp,097_RR220206A_654C_1837.bmp,(√13 x √13),not_apply,HL,,2026-01-02T22:18:07.732904,246.0,250.0,Confident,(√13 x √13),Trajectories/2022-02-06/097_RR220206A_654C_1837.bmp || Trajectories/2022-04-11/067_RR220411A_416C_1513-02.bmp,/content/rl_quantum_2026summer/data/original data/Trajectories/2022-04-11/067_RR220411A_416C_1513-02.bmp,/content/rl_quantum_2026summer/data/original data/Trajectories/2022-02-06/097_RR220206A_654C_1837.bmp,3,1.0
Trajectories/2022-04-11/067_RR220411A_416C_1513-02.bmp,067_RR220411A_416C_1513-02.bmp,Trajectories/2022-02-06/097_RR220206A_654C_1837.bmp,097_RR220206A_654C_1837.bmp,c(6 x 2),not_apply,HL,,2026-01-02T22:18:08.941524,246.0,250.0,Confident,c(6 x 2),Trajectories/2022-02-06/097_RR220206A_654C_1837.bmp || Trajectories/2022-04-11/067_RR220411A_416C_1513-02.bmp,/content/rl_quantum_2026summer/data/original data/Trajectories/2022-04-11/067_RR220411A_416C_1513-02.bmp,/content/rl_quantum_2026summer/data/original data/Trajectories/2022-02-06/097_RR220206A_654C_1837.bmp,2,1.0
Trajectories/2022-04-11/067_RR220411A_416C_1513-02.bmp,067_RR220411A_416C_1513-02.bmp,Trajectories/2022-02-06/097_RR220206A_654C_1837.bmp,097_RR220206A_654C_1837.bmp,(1 x 1),1,HL,,2026-01-02T22:18:10.133502,246.0,250.0,Confident,(1 x 1),Trajectories/2022-02-06/097_RR220206A_654C_1837.bmp || Trajectories/2022-04-11/067_RR220411A_416C_1513-02.bmp,/content/rl_quantum_2026summer/data/original data/Trajectories/2022-04-11/067_RR220411A_416C_1513-02.bmp,/content/rl_quantum_2026summer/data/original data/Trajectories/2022-02-06/097_RR220206A_654C_1837.bmp,0,1.0
Trajectories/2022-04-11/067_RR220411A_416C_1513-02.bmp,067_RR220411A_416C_1513-02.bmp,Trajectories/2022-02-06/097_RR220206A_654C_1837.bmp,097_RR220206A_654C_1837.bmp,Twinned(2 x 1),not_apply,HL,,2026-01-02T22:18:11.436424,246.0,250.0,Confident,Twinned(2 x 1),Trajectories/2022-02-06/097_RR220206A_654C_1837.bmp || Trajectories/2022-04-11/067_RR220411A_416C_1513-02.bmp,/content/rl_quantum_2026summer/data/original data/Trajectories/2022-04-11/067_RR220411A_416C_1513-02.bmp,/content/rl_quantum_2026summer/data/original data/Trajectories/2022-02-06/097_RR220206A_654C_1837.bmp,1,1.0
Trajectories/2022-04-11/108_RR220411A_507C_1543.bmp,108_RR220411A_507C_1543.bmp,Trajectories/2022-04-11/379_RR220411A_614C_1940.bmp,379_RR220411A_614C_1940.bmp,(1 x 1),1,AJ,,2025-12-12T00:23:19.860318,,,,(1 x 1),Trajectories/2022-04-11/108_RR220411A_507C_1543.bmp || Trajectories/2022-04-11/379_RR220411A_614C_1940.bmp,/content/rl_quantum_2026summer/data/original data/Trajectories/2022-04-11/108_RR220411A_507C_1543.bmp,/content/rl_quantum_2026summer/data/original data/Trajectories/2022-04-11/379_RR220411A_614C_1940.bmp,0,1.0
Trajectories/2022-04-11/108_RR220411A_507C_1543.bmp,108_RR220411A_507C_1543.bmp,Trajectories/2022-04-11/379_RR220411A_614C_1940.bmp,379_RR220411A_614C_1940.bmp,(√13 x √13),2,AJ,,2025-12-12T00:23:20.822037,,,,(√13 x √13),Trajectories/2022-04-11/108_RR220411A_507C_1543.bmp || Trajectories/2022-04-11/379_RR220411A_614C_1940.bmp,/content/rl_quantum_2026summer/data/original data/Trajectories/2022-04-11/108_RR220411A_507C_1543.bmp,/content/rl_quantum_2026summer/data/original data/Trajectories/2022-04-11/379_RR220411A_614C_1940.bmp,3,1.0
Trajectories/2022-04-11/186_RR220411A_805C_1658.bmp,186_RR220411A_805C_1658.bmp,Trajectories/2022-04-11/047_RR220411A_350C_1454.bmp,047_RR220411A_350C_1454.bmp,c(6 x 2),not_apply,AJ,,2025-12-26T08:44:10.245815,190.0,267.0,Confident,c(6 x 2),Trajectories/2022-04-11/047_RR220411A_350C_1454.bmp || Trajectories/2022-04-11/186_RR220411A_805C_1658.bmp,/content/rl_quantum_2026summer/data/original data/Trajectories/2022-04-11/186_RR220411A_805C_1658.bmp,/content/rl_quantum_2026summer/data/original data/Trajectories/2022-04-11/047_RR220411A_350C_1454.bmp,2,1.0
Trajectories/2022-04-11/186_RR220411A_805C_1658.bmp,186_RR220411A_805C_1658.bmp,Trajectories/2022-04-11/047_RR220411A_350C_1454.bmp,047_RR220411A_350C_1454.bmp,Twinned(2 x 1),not_apply,AJ,,2025-12-26T08:44:11.373931,190.0,267.0,Confident,Twinned(2 x 1),Trajectories/2022-04-11/047_RR220411A_350C_1454.bmp || Trajectories/2022-04-11/186_RR220411A_805C_1658.bmp,/content/rl_quantum_2026summer/data/original data/Trajectories/2022-04-11/186_RR220411A_805C_1658.bmp,/content/rl_quantum_2026summer/data/original data/Trajectories/2022-04-11/047_RR220411A_350C_1454.bmp,1,1.0
Trajectories/2022-04-11/186_RR220411A_805C_1658.bmp,186_RR220411A_805C_1658.bmp,Trajectories/2022-04-11/047_RR220411A_350C_1454.bmp,047_RR220411A_350C_1454.bmp,(1 x 1),tie,AJ,,2025-12-26T08:44:12.392156,190.0,267.0,Confident,(1 x 1),Trajectories/2022-04-11/047_RR220411A_350C_1454.bmp || Trajectories/2022-04-11/186_RR220411A_805C_1658.bmp,/content/rl_quantum_2026summer/data/original data/Trajectories/2022-04-11/186_RR220411A_805C_1658.bmp,/content/rl_quantum_2026summer/data/original data/Trajectories/2022-04-11/047_RR220411A_350C_1454.bmp,0,1.0
Trajectories/2022-04-11/186_RR220411A_805C_1658.bmp,186_RR220411A_805C_1658.bmp,Trajectories/2022-04-11/047_RR220411A_350C_1454.bmp,047_RR220411A_350C_1454.bmp,HTR,not_apply,AJ,,2025-12-26T08:44:13.294204,190.0,267.0,Confident,HTR,Trajectories/2022-04-11/047_RR220411A_350C_1454.bmp || Trajectories/2022-04-11/186_RR220411A_805C_1658.bmp,/content/rl_quantum_2026summer/data/original data/Trajectories/2022-04-11/186_RR220411A_805C_1658.bmp,/content/rl_quantum_2026summer/data/original data/Trajectories/2022-04-11/047_RR220411A_350C_1454.bmp,4,1.0
Trajectories/2022-04-11/186_RR220411A_805C_1658.bmp,186_RR220411A_805C_1658.bmp,Trajectories/2022-04-11/047_RR220411A_350C_1454.bmp,047_RR220411A_350C_1454.bmp,(√13 x √13),not_apply,AJ,,2025-12-26T08:44:14.251139,190.0,267.0,Confident,(√13 x √13),Trajectories/2022-04-11/047_RR220411A_350C_1454.bmp || Trajectories/2022-04-11/186_RR220411A_805C_1658.bmp,/content/rl_quantum_2026summer/data/original data/Trajectories/2022-04-11/186_RR220411A_805C_1658.bmp,/content/rl_quantum_2026summer/data/original data/Trajectories/2022-04-11/047_RR220411A_350C_1454.bmp,3,1.0
Trajectories/2022-04-11/100_RR220411A_492C_1537.bmp,100_RR220411A_492C_1537.bmp,Trajectories/2022-02-04/159_RR220204A_501C_1809-01.bmp,159_RR220204A_501C_1809-01.bmp,Twinned(2 x 1),2,Jiangang,,2026-01-05T15:48:52.182908,305.0,327.0,Confident,Twinned(2 x 1),Trajectories/2022-02-04/159_RR220204A_501C_1809-01.bmp || Trajectories/2022-04-11/100_RR220411A_492C_1537.bmp,/content/rl_quantum_2026summer/data/original data/Trajectories/2022-04-11/100_RR220411A_492C_1537.bmp,/content/rl_quantum_2026summer/data/original data/Trajectories/2022-02-04/159_RR220204A_501C_1809-01.bmp,1,1.0
Trajectories/2022-04-11/100_RR220411A_492C_1537.bmp,100_RR220411A_492C_1537.bmp,Trajectories/2022-02-04/159_RR220204A_501C_1809-01.bmp,159_RR220204A_501C_1809-01.bmp,c(6 x 2),not_apply,Jiangang,,2026-01-05T15:48:53.139883,305.0,327.0,Confident,c(6 x 2),Trajectories/2022-02-04/159_RR220204A_501C_1809-01.bmp || Trajectories/2022-04-11/100_RR220411A_492C_1537.bmp,/content/rl_quantum_2026summer/data/original data/Trajectories/2022-04-11/100_RR220411A_492C_1537.bmp,/content/rl_quantum_2026summer/data/original data/Trajectories/2022-02-04/159_RR220204A_501C_1809-01.bmp,2,1.0
Trajectories/2022-04-11/100_RR220411A_492C_1537.bmp,100_RR220411A_492C_1537.bmp,Trajectories/2022-02-04/159_RR220204A_501C_1809-01.bmp,159_RR220204A_501C_1809-01.bmp,(1 x 1),1,Jiangang,,2026-01-05T15:48:54.039527,305.0,327.0,Confident,(1 x 1),Trajectories/2022-02-04/159_RR220204A_501C_1809-01.bmp || Trajectories/2022-04-11/100_RR220411A_492C_1537.bmp,/content/rl_quantum_2026summer/data/original data/Trajectories/2022-04-11/100_RR220411A_492C_1537.bmp,/content/rl_quantum_2026summer/data/original data/Trajectories/2022-02-04/159_RR220204A_501C_1809-01.bmp,0,1.0
Trajectories/2022-04-11/100_RR220411A_492C_1537.bmp,100_RR220411A_492C_1537.bmp,Trajectories/2022-02-04/159_RR220204A_501C_1809-01.bmp,159_RR220204A_501C_1809-01.bmp,HTR,not_apply,Jiangang,,2026-01-05T15:48:54.990813,305.0,327.0,Confident,HTR,Trajectories/2022-02-04/159_RR220204A_501C_1809-01.bmp || Trajectories/2022-04-11/100_RR220411A_492C_1537.bmp,/content/rl_quantum_2026summer/data/original data/Trajectories/2022-04-11/100_RR220411A_492C_1537.bmp,/content/rl_quantum_2026summer/data/original data/Trajectories/2022-02-04/159_RR220204A_501C_1809-01.bmp,4,1.0
Trajectories/2022-04-11/100_RR220411A_492C_1537.bmp,100_RR220411A_492C_1537.bmp,Trajectories/2022-02-04/159_RR220204A_501C_1809-01.bmp,159_RR220204A_501C_1809-01.bmp,(√13 x √13),2,Jiangang,,2026-01-05T15:48:55.985811,305.0,327.0,Confident,(√13 x √13),Trajectories/2022-02-04/159_RR220204A_501C_1809-01.bmp || Trajectories/2022-04-11/100_RR220411A_492C_1537.bmp,/content/rl_quantum_2026summer/data/original data/Trajectories/2022-04-11/100_RR220411A_492C_1537.bmp,/content/rl_quantum_2026summer/data/original data/Trajectories/2022-02-04/159_RR220204A_501C_1809-01.bmp,3,1.0
Trajectories/2022-02-06/137_RR220206A_982C_1937.bmp,137_RR220206A_982C_1937.bmp,Trajectories/2022-04-11/191_RR220411A_821C_1704.bmp,191_RR220411A_821C_1704.bmp,c(6 x 2),1,HL,,2026-01-06T21:41:32.149785,252.0,252.0,Confident,c(6 x 2),Trajectories/2022-02-06/137_RR220206A_982C_1937.bmp || Trajectories/2022-04-11/191_RR220411A_821C_1704.bmp,/content/rl_quantum_2026summer/data/original data/Trajectories/2022-02-06/137_RR220206A_982C_1937.bmp,/content/rl_quantum_2026summer/data/original data/Trajectories/2022-04-11/191_RR220411A_821C_1704.bmp,2,1.0
Trajectories/2022-02-06/137_RR220206A_982C_1937.bmp,137_RR220206A_982C_1937.bmp,Trajectories/2022-04-11/191_RR220411A_821C_1704.bmp,191_RR220411A_821C_1704.bmp,(1 x 1),1,HL,,2026-01-06T21:41:33.206052,252.0,252.0,Confident,(1 x 1),Trajectories/2022-02-06/137_RR220206A_982C_1937.bmp || Trajectories/2022-04-11/191_RR220411A_821C_1704.bmp,/content/rl_quantum_2026summer/data/original data/Trajectories/2022-02-06/137_RR220206A_982C_1937.bmp,/content/rl_quantum_2026summer/data/original data/Trajectories/2022-04-11/191_RR220411A_821C_1704.bmp,0,1.0
Trajectories/2022-02-06/137_RR220206A_982C_1937.bmp,137_RR220206A_982C_1937.bmp,Trajectories/2022-04-11/191_RR220411A_821C_1704.bmp,191_RR220411A_821C_1704.bmp,Twinned(2 x 1),not_apply,HL,,2026-01-06T21:41:34.001989,252.0,252.0,Confident,Twinned(2 x 1),Trajectories/2022-02-06/137_RR220206A_982C_1937.bmp || Trajectories/2022-04-11/191_RR220411A_821C_1704.bmp,/content/rl_quantum_2026summer/data/original data/Trajectories/2022-02-06/137_RR220206A_982C_1937.bmp,/content/rl_quantum_2026summer/data/original data/Trajectories/2022-04-11/191_RR220411A_821C_1704.bmp,1,1.0
Trajectories/2022-02-06/137_RR220206A_982C_1937.bmp,137_RR220206A_982C_1937.bmp,Trajectories/2022-04-11/191_RR220411A_821C_1704.bmp,191_RR220411A_821C_1704.bmp,HTR,not_apply,HL,,2026-01-06T21:41:34.801341,252.0,252.0,Confident,HTR,Trajectories/2022-02-06/137_RR220206A_982C_1937.bmp || Trajectories/2022-04-11/191_RR220411A_821C_1704.bmp,/content/rl_quantum_2026summer/data/original data/Trajectories/2022-02-06/137_RR220206A_982C_1937.bmp,/content/rl_quantum_2026summer/data/original data/Trajectories/2022-04-11/191_RR220411A_821C_1704.bmp,4,1.0
Trajectories/2022-02-06/137_RR220206A_982C_1937.bmp,137_RR220206A_982C_1937.bmp,Trajectories/2022-04-11/191_RR220411A_821C_1704.bmp,191_RR220411A_821C_1704.bmp,(√13 x √13),not_apply,HL,,2026-01-06T21:41:35.548672,252.0,252.0,Confident,(√13 x √13),Trajectories/2022-02-06/137_RR220206A_982C_1937.bmp || Trajectories/2022-04-11/191_RR220411A_821C_1704.bmp,/content/rl_quantum_2026summer/data/original data/Trajectories/2022-02-06/137_RR220206A_982C_1937.bmp,/content/rl_quantum_2026summer/data/original data/Trajectories/2022-04-11/191_RR220411A_821C_1704.bmp,3,1.0
